ctn13
9613777705
9060998049
9068597262
9093155282
9065679823
9033314162
9054955362
9051791523
9065899740
9054952859
9053851825
9060994601
9065445328
9060989907
9094605516
9065020337
9068429209
9065348519
9065053792
9068849305
9065770875
9061908091
9061635994
9066655566
9065051528
9068594795
9065763766
9060515208
9092003561
9068426351
9068881187
9068427591
9097162440
9060990848
9060997985
9061274257
9039939596
9061969247
9062582735
9061356627
9097346110
9063184488
9061388459
9061788399
9060595943
9092010271
9061475749
9068991596
9065779912
9092004131
9068845844
9092835296
9069916198
9062582409
9031993522
9065019568
9060992450
9092003599
9065200825
9060993891
9061789054
9065051236
9069167164
9066303869
9068991077
9058280665
9065899899
9065536691
9059572672
9060994454
9061279663
9060682777
9065450235
9039843488
9060995995
9061138615
9060610162
9061143770
9063185203
9060989715
9061387366
9096726504
9061273783
9068845345
9065020276
9060511014
9061350676
9069660797
9060631391
9065921852
9068990528
9066303330
9060989960
9061272634
9066655577
9064542222
9061354511
9069678073
9063185937
9061205779
9060992240
9060597896
9063360911
9065051421
9060990951
9052350616
9054955365
9064599606
9061778862
9065777920
9093164625
9062602391
9065896774
9064599265
9061135870
9065348763
9060988289
9061788314
9054944103
9062560310
9063184269
9068986619
9038986114
9060989300
9065440218
9069677312
9092003182
9057818153
9064005599
9065765315
9052519478
9065054166
9060597013
9065451732
9060997507
9066006114
9061133122
9054952759
9061387664
9065452023
9061966890
9061329222
9060986455
9096334797
9061388202
9069878335
9065202766
9060994418
9065051644
9065748178
9068426675
9036421778
9030290505
9061968371
9065777677
9069699872
9060986577
9061779719
9097425362
9060592725
9066569267
9061275977
9095506903
9092534219
9065053103
9053405550
9060997564
9065025980
9092269902
9065447734
9061598796
9062618064
9060511664
9060599899
9060514847
9068895534
9061134530
9061352645
9065447100
9059657402
9033704284
9092836826
9063184989
9039467066
9065770074
9061389242
9060574682
9066614777
9060613582
9097345378
9061351485
9061779662
9064599371
9065442910
9061276732
9065023121
9061329452
9038868498
9060512195
9060987819
9061763318
9065922728
9066301104
9066615777
9065775717
9069665131
9068998770
9060516092
9061789496
9093774706
9061481280
9058243943
9065899233
9065201473
9062037059
9060518298
9066303002
9063185719
9068845105
9054955077
9065538917
9060511191
9054955571
9065768819
9092317100
9092451066
9063185230
9068880010
9064395355
9096538474
9060626149
9092401008
9033339194
9060516674
9061350806
9060990346
9095147993
9068881645
9093154502
9060992343
9095047546
9061273616
9093770828
9060511402
9093770852
9061245336
9092681458
9061338767
9092840238
9060993277
9061272720
9056767399
9061356813
9053880775
9061245457
9060516222
9097267774
9060678747
9064396203
9065765368
9062598442
9097344202
9065051856
9066666093
9060992979
9060995508
9061907705
9062597354
9060510398
9067719922
9069680383
9060516220
9061482016
9066569449
9065051405
9069878501
9065779430
9061462615
9097184605
9093155605
9061388584
9093156902
9066304584
9064393444
9060988735
9095302315
9060990830
9062616905
9068750000
9061788339
9061137909
9064392686
9069888324
9065444132
9061968815
9060592240
9092836314
9056756612
9061246967
9060599668
9039458352
9063185964
9092003240
9065879676
9060510392
9093154362
9050931372
9069676722
9092845441
9066302340
9061387713
9061272753
9060997795
9065022343
9092384656
9060990102
9061112860
9061244144
9069691189
9069948676
9065777655
9093151979
9065202524
9065779692
9060985906
9065899655
9060996151
9097345462
9064392012
9061779354
9068422523
9066302574
9097344185
9060996625
9039137920
9061244863
9065203451
9061279815
9065453624
9061356073
9094002777
9065973178
9061788150
9060990098
9065448415
9061788312
9060593183
9097344467
9061112286
9065769970
9065348601
9065203259
9060996618
9068420350
9064397447
9062599342
9093158232
9060596794
9061789605
9060510668
9069163864
9065026202
9061968674
9065777433
9061355874
9061244066
9035854906
9061112819
9068990881
9065921464
9093154421
9063184111
9097264380
9061245059
9065896388
9066302382
9061279465
9092834888
9061788392
9060984959
9065896469
9061789271
9065025575
9066569487
9061968958
9059301572
9060996199
9054957100
9069677127
9097184464
9097185560
9092835152
9061969223
9061150968
9061968866
9061279954
9060515623
9065202817
9062597417
9061355938
9060995632
9066069999
9061763397
9061789756
9063185272
9061354124
9068423600
9060991769
9061387885
9065347990
9060995100
9093163556
9065448352
9065204079
9065442850
9061244182
9092006324
9061387646
9065055085
9061356821
9060996073
9092835527
9065440353
9062030800
9039845328
9050437744
9061245764
9097344532
9061969894
9061763736
9050775576
9033337965
9093155039
9606207645
9060985838
9061355220
9062209737
9065770292
9065770084
9060990162
9065376076
9068417018
9093155648
9060995606
9036398714
9061134570
9060988798
9061246207
9061354116
9061113077
9065777570
9050931925
9034223600
9062208575
9033336645
9061967496
9061135312
9068595710
9065973238
9061789346
9065763989
9069163684
9060594809
9092835373
9060515045
9066302416
9068998402
9065770042
9063184640
9069949262
9069888433
9060592972
9065771096
9091314492
9069916000
9061779907
9092534163
9061788516
9065765726
9093154955
9039916968
9069173872
9065764406
9096732576
9068845087
9060996853
9060595953
9061356186
9065770298
9061763574
9068429000
9062582248
9061968340
9061388514
9093155540
9061357074
9060593308
9093158542
9093163736
9061779435
9092835525
9097266910
9067748585
9092002858
9061968035
9069948629
9060599599
9060993204
9065019667
9061268689
9065447424
9060594101
9061279607
9069888761
9065020178
9065679411
9097263889
9061278006
9032755152
9060592325
9061356607
9061352015
9060993312
9065443384
9068845098
9092835857
9064396189
9065923346
9055965606
9062625125
9065770960
9061135449
9092388139
9061969257
9097263178
9093156854
9065056140
9095225968
9060626570
9033337410
9092259430
9060626263
9060997997
9066613993
9061268801
9039450511
9093161198
9037373686
9092839546
9092835707
9097344494
9060991842
9063185271
9064548883
9060990907
9063360657
9061355285
9069908886
9062580607
9062618048
9061789001
9060516340
9092836680
9051053383
9061388404
9061968462
9060996849
9059052106
9053875178
9060997591
9066304905
9065778279
9061356844
9062925185
9060515053
9061388560
9069169908
9069179032
9064599047
9065896252
9060594379
9061481616
9092835918
9065452114
9063186223
9069167920
9069678671
9062582122
9061277712
9061598507
9065441601
9068129476
9061135760
9062599511
9061278647
9061246474
9065669829
9059112528
9062582356
9051581666
9061274114
9061112488
9061245368
9061763892
9068990752
9038613071
9061388513
9092680645
9068124570
9060990852
9060998238
9060594447
9061788294
9069676272
9060597918
9062582766
9630125555
9060594988
9092674674
9065445242
9068985009
9054511563
9066666243
9065711072
9061763718
9064453000
9062597710
9062582631
9061967600
9068424073
9065347891
9094002220
9065895128
9097161923
9061779375
9031852671
9054944277
9065769459
9061598880
9068882584
9061357237
9065022158
9061387703
9054955330
9069948252
9050931596
9093161292
9061137045
9092501061
9061788832
9061475560
9062036551
9060993041
9061789107
9060512717
9068424367
9060992267
9060591754
9063186266
9065779778
9060990889
9065452289
9061269961
9069938953
9093155898
9061789245
9065453107
9064599157
9069677482
9064541919
9060711099
9065895253
9061969793
9065201913
9060993637
9065055587
9065765679
9065055002
9059589096
9065769896
9053253277
9097183933
9061278951
9056810865
9060987679
9061149829
9065445855
9065879455
9065446610
9093161173
9065921737
9061272724
9061966461
9069886152
9061968923
9061277454
9061277613
9093156552
9068991838
9069660170
9060990666
9061789754
9060988969
9059052133
9053261067
9093156126
9093154543
9060596286
9061245688
9061764057
9065447842
9061968509
9065443605
9065763332
9069691090
9061788622
9060990535
9062582063
9034335750
9069699875
9061388900
9060988815
9064545225
9060516082
9061779973
9097345035
9068990795
9060681125
9060994405
9069948268
9060681995
9061355540
9060991045
9061351216
9069660144
9062626288
9063185109
9092503452
9060516147
9066666235
9065445657
9061244136
9061789164
9069688609
9065022791
9060998237
9053863571
9069908990
9061389327
9062582751
9053855460
9095506561
9036428895
9069069594
9066303877
9066302125
9060982685
9060997770
9061634336
9065900168
9061354077
9060992189
9039458630
9065448270
9060991999
9036424438
9060990984
9097263790
9068881311
9068844661
9065201735
9069936756
9034661144
9097345161
9032204955
9065201034
9060988573
9065348052
9065763299
9067699330
9065052343
9061389374
9069665471
9065901257
9065767770
9092835480
9097355071
9069869022
9097263034
9061269363
9065899508
9061245911
9060994760
9061387900
9033007939
9063184593
9061969258
9063186128
9035565786
9053869739
9060595267
9060991306
9061967135
9065451446
9092006332
9093155330
9097344854
9069677062
9066301250
9064599397
9066302889
9060988782
9061355822
9065055445
9060512154
9061273761
9061354946
9065054390
9093836288
9065025703
9060630921
9061245299
9065448677
9066006045
9061205803
9065347322
9069887744
9093156196
9061388408
9067747722
9061789838
9097184690
9061481312
9060998409
9060995388
9069949436
9069690725
9065769935
9065052954
9068845641
9060513537
9061245681
9036404974
9062602298
9061244505
9092834595
9061387678
9093156098
9069886655
9061387455
9060511086
9093154917
9065371270
9637673558
9065896524
9069671951
9060623003
9060990002
9061273599
9092501165
9066302817
9095795522
9060598297
9063186081
9061278158
9062030641
9061389401
9064396139
9060996730
9096320008
9097267651
9061764323
9061245517
9097184655
9092687365
9069688552
9094003777
9061965855
9065055388
9061277062
9061352254
9069949718
9061246744
9069691201
9061245661
9061356959
9061113218
9060995412
9065447480
9068423647
9096618979
9061133572
9097344427
9061969560
9093154312
9065447787
9064544321
9065200247
9061387987
9061354211
9060984713
9065445344
9053880160
9065449643
9069671870
9065019435
9066302138
9065449653
9092835824
9069887531
9097344572
9063186162
9065505704
9064006070
9061269499
9065763895
9064598721
9060595918
9093155080
9068849476
9068998108
9067698884
9065443947
9069949492
9062582732
9060516451
9062602125
9065056570
9064599431
9061133358
9092676901
9060996010
9069669939
9039449758
9092835349
9062624895
9093156054
9060594818
9092834987
9068845080
9066300901
9065767850
9065349083
9097162588
9060985625
9061779640
9061350069
9069068906
9065445397
9068881911
9068947235
9061636616
9060595183
9061352677
9061355238
9061788313
9061277369
9097345234
9060575092
9065920868
9060630816
9065898542
9037088368
9061133231
9061389052
9061351288
9065025836
9061338233
9064599327
9065764565
9065447184
9092835179
9061245706
9060998146
9060993648
9061246421
9097345332
9069888191
9065764631
9061273095
9068880674
9061788636
9065348073
9092676942
9065022112
9068992240
9065922003
9061137841
9061278989
9065452024
9062582227
9065900298
9061135214
9097184075
9061329464
9060988154
9057627482
9069669463
9068849665
9068113921
9065900270
9060514693
9060599331
9065921506
9065921723
9068990572
9068124253
9062208606
9031279305
9069848424
9061389126
9060610719
9069909671
9060592118
9061388946
9065764305
9060998454
9060997996
9060996769
9056903848
9069660313
9061788123
9062209792
9065777877
9066305038
9059012205
9093770779
9093155946
9060995953
9039137991
9060682208
9068113593
9092495366
9060512681
9065204014
9051518753
9092835494
9093773216
9061246119
9061387834
9053851815
9066661079
9061352130
9060895663
9060512221
9092010143
9061208597
9062581926
9064006090
9061389062
9061150503
9061352120
9065457756
9065055212
9069068723
9061246150
9068845293
9092010047
9061133961
9096339139
9060997106
9065444424
9065056312
9065898118
9065779708
9069889969
9093163514
9065895371
9061244274
9033334107
9097345327
9065448381
9061389530
9068993145
9060996415
9069671877
9068985124
9065442605
9061355751
9093770501
9068997139
9061132457
9060595179
9066303023
9060596021
9060992360
9065536709
9060996236
9097265893
9097344472
9064831136
9068880565
9033338456
9053279386
9061387591
9062624998
9060512165
9064395750
9061353802
9068997784
9061389015
9061329208
9053688310
9064598871
9060994513
9053244210
9060986940
9069936572
9059855875
9065899539
9060989872
9062599272
9064395758
9064391974
9061387995
9061967609
9061969076
9064599621
9061357526
9061338401
9065445455
9065879181
9053887340
9060574675
9060628799
9060990945
9065445971
9054953501
9068999059
9050342095
9061274729
9060595528
9069912464
9061907413
9066301025
9033337913
9068982947
9061389671
9068986646
9093154229
9065923804
9068428442
9069948840
9060988869
9097346175
9092503135
9039922744
9064392222
9062582128
9061966360
9069688852
9061907550
9069665616
9093154764
9060990057
9061969096
9065451421
9061969051
9060995838
9061276606
9066001400
9068595201
9065451390
9065201733
9061969723
9069948484
9065443373
9093161998
9068596813
9053860048
9097345334
9061764058
9039430411
9061907276
9061112901
9060995651
9069690998
9066303692
9062035652
9062599490
9060992675
9093173492
9031860196
9093154832
9061968078
9058340752
9039846760
9061811111
9060984281
9065901895
9060990089
9065650505
9060989004
9093049600
9060627412
9060982741
9068423842
9065054650
9092833953
9092539630
9093155541
9060992264
9060988904
9606764701
9065445648
9053866819
9065898824
9092533695
9061389642
9061388728
9060995890
9060663869
9065770664
9065699498
9063185638
9034045775
9061133211
9097266882
9069916094
9060993276
9054952794
9061278554
9065445262
9061352275
9065449430
9065448592
9065900102
9064598902
9061968475
9065449508
9065973271
9061338530
9060986493
9066303411
9059573394
9065054557
9061969897
9066302290
9068845238
9065897636
9064546222
9097344528
9092874000
9068992084
9060996403
9065444806
9056903543
9068881335
9065055754
9062598093
9097186112
9069916391
9058507080
9053263344
9061329451
9031572240
9065449071
9092006061
9066301912
9094948333
9097184567
9065201935
9061244631
9056163883
9065201989
9065020333
9097267625
9061967289
9093156188
9060678586
9068881468
9060990599
9061389378
9065202245
9061353972
9061245653
9061966565
9060597393
9065778149
9060595444
9061246768
9053877243
9093831653
9060992655
9061267506
9065200491
9033338333
9065203662
9054535096
9093154259
9061352335
9061387563
9069678282
9060988823
9092836076
9092259460
9065050207
9097161757
9061779635
9069167155
9061136631
9060591904
9065053958
9092840144
9061779233
9061481922
9097264836
9061969540
9053854515
9063183959
9062208836
9065203408
9093158493
9097265490
9061387770
9092739617
9068983175
9093154486
9065055635
9065895484
9060988659
9060989197
9061389234
9063185182
9092838516
9065778088
9065770407
9060594081
9069878428
9069166756
9068882792
9065770195
9052908027
9092538470
9068113556
9062597953
9066302832
9092006493
9061964856
9062036895
9061272676
9061209628
9060997708
9063184855
9065777512
9061245425
9038754076
9061136401
9059654425
9061599078
9061329533
9061965802
9065447260
9065348532
9093813111
9068882312
9060511050
9060991535
9069671385
9056775131
9062602150
9062602604
9061246314
9039454276
9065767445
9097345764
9068990941
9060989170
9066305205
9065763838
9095501961
9069687735
9061789835
9060592526
9069671693
9060575485
9092259550
9061968819
9064547474
9066301467
9068113580
9065537617
9062029934
9062582147
9093156862
9060512512
9068998619
9065440351
9053858180
9063186769
9055402225
9064599181
9061779431
9061277479
9061387399
9065448416
9065445429
9060592268
9061388336
9060994327
9054539387
9092845351
9060994288
9069661024
9061968579
9061968929
9059658667
9060995365
9060596590
9068846023
9068895294
9097265464
9061353147
9069169766
9068986927
9096365017
9092835515
9062580261
9065763277
9065055499
9061790245
9061357075
9061279278
9061245149
9061968959
9061150139
9065901550
9065679407
9064391728
9060990760
9066304532
9061355337
9060993934
9061271897
9060516229
9065769849
9061272792
9619834208
9068894631
9059115486
9067726611
9061356855
9065052605
9097262435
9061388436
9065769753
9065050060
9092564459
9092838586
9062599209
9068880359
9092010221
9061765930
9054511437
9061481977
9050932141
9068880815
9061244730
9065923746
9060513170
9065537555
9062685232
9060991781
9053876578
9065617908
9068125205
9036385226
9060878900
9065699264
9069916022
9034223388
9065448705
9062582787
9061272185
9061969987
9069915509
9069948966
9063185749
9064599091
9094003377
9068984984
9061272758
9093156367
9061356891
9060510855
9065202580
9054956708
9060626017
9061244083
9065052567
9060511427
9069889423
9065202353
9054952944
9060595619
9064599587
9069691261
9066302969
9061779141
9062036966
9060998200
9065447467
9069888798
9069179146
9065895151
9061350875
9061788768
9065447136
9054803901
9061112436
9061788834
9061481130
9060626287
9060596712
9061338481
9095530349
9069888435
9051270542
9061599054
9092006045
9065446654
9050932117
9060995528
9060996766
9065896359
9092835263
9065450958
9065899292
9061968643
9065901937
9065442701
9065900059
9065444769
9065448577
9065203231
9095451798
9065449342
9061244275
9092835376
9093155401
9065922371
9068845376
9095121037
9061967432
9065055030
9061273839
9056903821
9069677248
9067750022
9068423977
9063186330
9065024922
9065769216
9062580555
9069665090
9068845023
9030073674
9060663998
9060990900
9092835416
9069912415
9092003270
9066569363
9061388435
9039843688
9061278637
9069169802
9065777502
9060993851
9054952655
9065055605
9065053198
9063360832
9065770051
9060599565
9065444133
9058568181
9097264507
9065442114
9065777520
9065442888
9065202754
9061279906
9065442019
9067699322
9064392083
9051854105
9065200739
9061278990
9065445435
9061354374
9053869661
9053853161
9060996245
9068429420
9097267186
9060990115
9092259149
9060989221
9097263702
9065921787
9069948401
9065441115
9060585231
9061279590
9061274421
9061356299
9068882090
9092655491
9065779731
9065159985
9065899444
9061778887
9069676771
9053859612
9062599200
9064549191
9061388509
9066569290
9061481164
9060988034
9061356698
9036507461
9092002920
9064494129
9067749292
9065449045
9092836327
9092024621
9054952166
9065203413
9060595632
9065777760
9061387707
9069688473
9059653468
9065440772
9060994361
9065923713
9063186312
9093156827
9062028735
9092668632
9061246751
9061789528
9061387654
9092677034
9060597012
9065054417
9060611852
9067697339
9065452197
9061271783
9065203969
9095503861
9065285191
9064392321
9061350932
9061968636
9065899651
9063184356
9061599104
9093156483
9061350288
9061329458
9054953029
9069888246
9065777583
9060987148
9096364237
9061481593
9061967371
9068845574
9061968729
9056903131
9060997707
9060595933
9061135224
9065129594
9068428389
9069691193
9061361065
9065442359
9060574832
9054536941
9064599102
9065444363
9097346316
9060592748
9060993719
9061475869
9092655480
9094076046
9069677635
9054957711
9065855575
9069889577
9065146100
9062598921
9065446664
9069936603
9065200729
9069167725
9060594255
9060592594
9062633019
9065896313
9097345727
9065922001
9033031345
9060510780
9094001523
9094500013
9068597320
9068983102
9065770310
9069688827
9065203150
9060986768
9093154594
9064453232
9061355882
9092676517
9060988098
9069173609
9061270760
9060678068
9065922012
9093155724
9065055992
9061279890
9092256517
9068845088
9069910651
9061245352
9037074780
9065440544
9065053622
9061137449
9061389394
9065054619
9061969181
9061968300
9065453553
9068881716
9065449997
9061789400
9065201674
9064598924
9068882619
9061350207
9060680805
9068849500
9069690467
9068991747
9061968851
9063185371
9097345012
9065445443
9063185637
9065900690
9097344830
9061969671
9068894572
9061388207
9093155937
9064393429
9061907277
9061968441
9060983460
9061779686
9069949598
9061388593
9062597778
9065777401
9065440794
9092845308
9061273872
9065453583
9069660910
9066300902
9063360706
9065767915
9097266221
9059652347
9061356075
9065445387
9061389567
9092838114
9060987887
9066302018
9065450525
9059658347
9096503539
9061273424
9069950080
9065453530
9060989987
9061462535
9065767424
9061356122
9060683010
9034325011
9069069230
9065445357
9092836482
9092004462
9059654465
9065699456
9097344932
9067733232
9060990470
9061137400
9065879743
9062602158
9061599068
9061245945
9060996237
9061134814
9061244011
9061779608
9092835365
9068846104
9059301617
9065669141
9060596574
9061794148
9060514508
9061329360
9065054235
9061357174
9063184388
9062029465
9061249542
9092836735
9061350628
9065129417
9092364536
9063248536
9065202736
9092534212
9093154897
9066302915
9068989857
9065767756
9097267723
9061779717
9036387197
9061969396
9068844956
9062598900
9093155688
9061271392
9065768964
9065659733
9061631566
9630171733
9066303230
9094011434
9060993897
9065777749
9061389571
9065446134
9065769428
9065777873
9062598507
9060995396
9060989057
9061598454
9092498609
9060989155
9065055167
9061481691
9093158379
9060510188
9060599309
9060593039
9065441598
9069068954
9092836731
9061965761
9060515688
9061355091
9064598708
9060516016
9061356123
9095506972
9060575571
9065923757
9065025323
9061779804
9065058935
9060997767
9065616879
9096645599
9061387618
9067023715
9061133477
9060995971
9068991174
9060745210
9065763450
9068983233
9061279898
9061244614
9065770947
9065896491
9060682303
9060990991
9062597534
9060991400
9061789308
9033333807
9097184819
9068426640
9062582525
9061136548
9061276375
9060593452
9054955385
9092838642
9064398999
9092254985
9065443886
9060595535
9060991651
9061246389
9065775931
9068424744
9068990542
9053068263
9069069260
9065441960
9033706033
9069690596
9065053087
9061329597
9064598885
9060611281
9061354504
9061364121
9061244268
9065763131
9068845277
9061966239
9037109123
9064391828
9061245639
9069069428
9061113151
9064598910
9060998027
9069169586
9061788697
9069166133
9093162311
9065748195
9069688780
9062440297
9036407753
9065201677
9065896525
9065770812
9068252200
9061968806
9069677441
9069664968
9061207134
9069688474
9065897705
9065902350
9635744488
9061274377
9065024858
9060988817
9060516634
9064436633
9061907158
9064831095
9036501418
9065899313
9061387810
9065449810
9032573939
9065020001
9065447341
9064598876
9060993607
9038750099
9065449110
9062028444
9065347584
9060997593
9065896351
9065453345
9060987609
9060995744
9061354939
9068849576
9065669437
9066301322
9060993997
9053865430
9097184828
9033339016
9068998553
9060988807
9061968116
9060516149
9092835335
9060681361
9060994645
9069167684
9036424572
9093164429
9093160899
9060991445
9061388501
9069167961
9061968979
9062598841
9056874325
9060988900
9093163530
9059576249
9069878122
9069166396
9069889320
9065447269
9062036575
9065447999
9096442438
9060930726
9061279686
9065203861
9064393342
9064005533
9056903792
9065348473
9092259199
9061778955
9069688691
9061269809
9065898820
9066233797
9069888880
9061150255
9069665697
9095540664
9060513235
9093155806
9061763387
9065764989
9069665511
9061350936
9092835592
9061277808
9068846012
9092003636
9069910445
9061276941
9065895121
9069664993
9065444318
9092535228
9092539723
9060683212
9092845261
9061387991
9069879715
9061969117
9068991203
9060594441
9060599217
9036407970
9066301453
9066300997
9061145382
9061388566
9069915161
9061150628
9092387179
9065973392
9065200705
9069665164
9061272388
9061351266
9068998029
9065449616
9097345351
9065777577
9054956822
9097185987
9068990843
9061354795
9092845269
9060610133
9060514585
9065921465
9061779770
9069179162
9092364313
9065536988
9064393141
9093156189
9065453880
9069948882
9061245672
9654546777
9060990031
9060597253
9062626512
9061967383
9093155426
9092002882
9061069909
9061246234
9060995442
9060682872
9068992378
9092668718
9069936479
9068429210
9066303506
9050931604
9061387626
9065769037
9060990283
9069889468
9060510841
9065679595
9060683327
9061388845
9064006040
9060595860
9069680400
9062582609
9060990391
9034371706
9093311491
9054952705
9060596004
9065051375
9061968150
9036373064
9069676490
9060547814
9069665613
9067843064
9065202944
9065203423
9065859192
9065748053
9092257017
9064494461
9660870370
9061967428
9065445720
9069938487
9068849516
9092614907
9061387488
9067697081
9068880640
9069948818
9092503840
9069915508
9092003958
9061276002
9066302794
9067738899
9060998340
9061789298
9062036834
9062602220
9060990943
9068595378
9033329170
9061277886
9061350210
9068846122
9097344412
9065763854
9096382050
9060682242
9061245632
9065451710
9061968808
9065201643
9060994823
9060997299
9061968868
9065923565
9092364529
9053875478
9092835351
9061388486
9060599738
9060996189
9065201425
9064436996
9061277502
9060991137
9060996889
9092839627
9060511297
9068845919
9069155555
9060993291
9063199568
9039280033
9061351123
9054952610
9060996698
9060591972
9092685940
9063184436
9069916334
9065445769
9061354828
9069888725
9060994299
9065450893
9092003562
9061276503
9061353936
9065779754
9065897493
9065453526
9069691131
9065447784
9065200510
9069949769
9060993833
9066301679
9061969133
9060521079
9061599014
9054952256
9069949325
9069887566
9061969363
9061789856
9065445383
9039434749
9065023492
9050342662
9065348836
9065025996
9092835691
9063186206
9060628680
9060592309
9065976374
9061966621
9061969410
9033526872
9065903293
9065025752
9069166755
9060995970
9065896421
9062903891
9065444342
9062599266
9038628234
9092003941
9053856209
9061788861
9059921872
9060988106
9060994462
9092836929
9060511565
9065203182
9061399060
9065895244
9061387769
9060990418
9062037038
9068423718
9060591823
9069912665
9093155975
9033179189
9065055101
9062582460
9065896077
9061245182
9065767040
9061329283
9060986899
9061244682
9060996582
9065900053
9069889503
9060985680
9060996370
9060997723
9065368855
9060592532
9061779096
9065747702
9055161758
9065769515
9092533663
9092533545
9062602258
9093154277
9060989046
9093156030
9061968346
9060995696
9060611136
9092835695
9061763506
9065201051
9069676513
9065201877
9060591826
9092406495
9068846101
9061764552
9062679028
9097263201
9060993345
9092388356
9097266026
9068846003
9060993180
9039934840
9097345017
9053883924
9054952936
9065763088
9093154356
9069911001
9061350464
9069678291
9062655878
9065445591
9054510627
9061354366
9065447662
9060512079
9065441234
9093160273
9059604364
9061779236
9062597507
9065679954
9053864401
9061789363
9061135033
9061277998
9066301013
9061246160
9065900465
9069886471
9068986722
9060610468
9093154996
9062599609
9060988474
9064393324
9061269889
9062625047
9097184712
9061355467
9092836186
9069661073
9065879312
9065284033
9061387940
9060993227
9060991289
9061278108
9061245525
9093155664
9061560010
9093164758
9068846048
9065025598
9065764997
9068990538
9061598963
9061788586
9053200250
9061388463
9097264484
9065764397
9060988579
9061277903
9033338457
9060996463
9096335659
9061788721
9095159604
9061272734
9061907286
9039920136
9065203520
9068991021
9039430684
9069934727
9060596494
9065895104
9065443644
9065897963
9063184393
9065902838
9061966569
9065129658
9069671434
9614271488
9053852056
9068418314
9061245687
9050193410
9066302906
9065349007
9063186888
9061765831
9062597989
9065202099
9060571836
9061789381
9065203653
9094792728
9060514764
9061329982
9069166349
9067699040
9065763181
9063186168
9065898294
9093161866
9069869292
9061277043
9065055612
9066569319
9065445386
9093161244
9060990727
9065899243
9060625004
9061351137
9093638418
9053860157
9068757575
9097186906
9064396016
9068894826
9060516254
9069690757
9065136520
9060595802
9060664168
9060987623
9060630799
9092817210
9093154966
9064599627
9053861727
9061967618
9066302542
9097184345
9060990780
9068882778
9061788626
9066302646
9066304559
9060593269
9065444698
9092539250
9060594359
9069690580
9061244058
9064544999
9061352273
9069869452
9061968431
9061966181
9036385494
9039925119
9068597519
9069660183
9060996789
9069676648
9060594933
9069878280
9056828654
9092835987
9061350154
9061481362
9050432975
9061279853
9065440670
9060512002
9065973335
9060995564
9061209462
9061788894
9060991766
9064541122
9059286433
9064599060
9065370615
9065204183
9065898334
9065901559
9035859354
9069166427
9065453372
9065440367
9097184500
9097182812
9061789081
9061135626
9036429149
9065895088
9065763550
9060990904
9061352376
9061272411
9063199933
9065901297
9061245243
9065764500
9060818381
9092836371
9060623761
9065618618
9092006325
9061765487
9068849347
9060992951
9061353818
9060988258
9061352186
9065897860
9061247456
9060990563
9065201823
9060994944
9061789401
9065443097
9065775983
9065777673
9053646292
9061387826
9061764748
9062626648
9061355946
9065768655
9092004206
9064548844
9060991739
9065201263
9064500411
9061763381
9061278789
9065922433
9097266525
9050334728
9061356970
9065771002
9060996997
9065204208
9065896602
9067697516
9065900983
9093154999
9061968210
9093458683
9060990568
9060993289
9065201087
9060571982
9063184071
9069889723
9054549689
9069690636
9065136350
9068844752
9065200379
9065443946
9069166207
9065445032
9068114261
9062626240
9063199824
9060679472
9060723549
9069912833
9097345043
9063185229
9065765578
9060683106
9069936659
9061387953
9036425046
9065777771
9093622629
9060992625
9062598170
9039454086
9060988995
9065019700
9060514856
9061389930
9061388305
9054943874
9060988826
9065050343
9061763482
9069916389
9061353573
9067725544
9091130056
9061279696
9065448411
9060998102
9068896088
9061357869
9061113177
9061966261
9060595104
9097185267
9061388387
9097266323
9060996051
9060985443
9060511282
9069676762
9096628361
9052545795
9065768323
9061136223
9060571990
9061354315
9061134562
9061388732
9069660433
9054952592
9069660312
9065896199
9065899868
9061598365
9068847477
9092838161
9060990114
9036424463
9093162073
9097267034
9061598625
9065763015
9054953715
9060995823
9091044603
9061246225
9060599547
9094003838
9060513129
9068895111
9097267142
9062031029
9063186625
9069908781
9065445211
9069690701
9061969668
9061149786
9054513258
9068424352
9069677563
9050432719
9051797678
9065900831
9061268075
9063184648
9061789358
9060997839
9065443383
9053872173
9061245894
9630131313
9065610705
9063185824
9060986365
9063248695
9061765298
9063184411
9061387907
9097267372
9050931396
9069179007
9068429390
9053864115
9065448726
9069889201
9059306580
9064547700
9060593289
9060995684
9060990373
9065770725
9060996178
9069688762
9060573790
9060595996
9053874735
9060997847
9093160716
9060991834
9095352455
9068118934
9068845912
9067822261
9065375054
9065443734
9069686600
9064396205
9061246021
9066304045
9065021763
9061968949
9065441952
9065765831
9063184382
9061482082
9039434262
9069660114
9061278520
9060511141
9065203902
9060989032
9060682311
9061389021
9061779805
9064494122
9069691160
9061363347
9060599209
9064599025
9061967976
9065779904
9061131691
9063185152
9065896695
9065900190
9092003998
9061351988
9069671903
9067730011
9060998164
9060994070
9065451639
9061352261
9050931908
9061354796
9061636141
9069908574
9605656731
9062581457
9063184594
9056881956
9060598033
9065020421
9065900791
9060628870
9065025520
9069677919
9061244085
9064598945
9060592736
9061135864
9068124469
9065203600
9065204258
9063360805
9060511325
9069665761
9066303837
9061138329
9068428415
9065453672
9060988952
9061350361
9054703309
9030176739
9053868384
9061278700
9060597950
9065770954
9060994255
9065441452
9061355354
9062582747
9061150263
9063184267
9065763326
9060995743
9053866244
9065451506
9064396148
9065201713
9061279254
9061968507
9039845274
9065900050
9068845006
9060996202
9092537495
9060985339
9037079098
9069692302
9065446612
9065200975
9063199632
9093154290
9069878740
9066303263
9064546555
9064493853
9093155831
9068424445
9061968160
9066302851
9061352474
9061788890
9093158429
9039939648
9060997510
9062624957
9065899428
9061778885
9068427550
9060988880
9060596461
9065443079
9065768394
9062030804
9065348961
9061907951
9065200634
9065053973
9050446094
9062602423
9069887921
9066302349
9093158255
9062599416
9060575080
9061277284
9062582592
9097266797
9054955207
9061968905
9066300910
9092537430
9065051551
9063185065
9065442275
9060516117
9065445933
9061357978
9069068955
9064598700
9053273412
9056772076
9038718097
9063184937
9064392151
9068129433
9060991426
9065538891
9069660557
9061244739
9096600960
9065898512
9062582288
9092259445
9061908120
9060989016
9065452388
9060515850
9061389563
9066303573
9064599543
9062598143
9068991580
9053853488
9060515828
9069166257
9061907642
9060596283
9061112609
9069677224
9097345052
9069660267
9054956742
9065922211
9061296356
9061779780
9065777868
9060598272
9065900503
9062208668
9060987019
9066302697
9060991754
9061389654
9609464000
9061387383
9066304053
9061763769
9066305131
9064598880
9061779990
9065450755
9069167960
9061278702
9061246062
9036422888
9097266099
9061789006
9069936686
9065202510
9068426609
9065202652
9056332710
9068845983
9039938217
9053874336
9069696298
9069659973
9061357883
9061135134
9061389208
9060595147
9060681878
9060514543
9634390195
9060592212
9093156503
9061350259
9068426494
9606157960
9095506841
9066301656
9068999126
9060989757
9068127714
9061968907
9097354277
9065054955
9060991755
9061763612
9065445506
9065763190
9093775967
9065901582
9066301538
9069660548
9034318482
9065449858
9033014830
9060995242
9060597901
9065765027
9093245938
9061351167
9091324615
9097184530
9061352604
9054956823
9065441303
9063185450
9061387430
9061388313
9061388836
9065900598
9092535819
9061137587
9061352122
9092003942
9069691163
9068424453
9065537570
9065203953
9062696395
9061482002
9068991502
9060995195
9065855976
9069690717
9065765300
9062619593
9060990324
9060990081
9097344832
9061355457
9061351096
9060989391
9066302356
9065879440
9065611263
9093160968
9095836820
9065901449
9053219652
9065448473
9060996188
9061135439
9068595469
9065055985
9689215130
9063185625
9065452358
9033834899
9095506710
9060985227
9068992416
9097345562
9065879777
9060514526
9062029874
9092876757
9060991267
9062599354
9060993361
9061271585
9061968171
9060510501
9062599565
9065923592
9064547755
9069163061
9065445590
9097185953
9065901889
9060681400
9092258835
9060992433
9065444441
9069889540
9069665163
9061151078
9061778959
9060998313
9061779100
9060617372
9069173585
9068429330
9061279550
9063360912
9066302510
9065903799
9061112478
9039914911
9065899906
9060995605
9069660466
9093770551
9065442273
9054956670
9093163991
9065536915
9097266732
9061136523
9060991367
9069169866
9069665059
9060598255
9060990724
9060997261
9065447877
9061389419
9065441451
9061246003
9068882781
9061634998
9039451884
9065901606
9061244159
9060989371
9068424010
9092401454
9061389538
9050332203
9060681673
9068594894
9061357842
9092676886
9061788807
9060987449
9060988830
9060593624
9054955285
9065775565
9068845336
9068597174
9069671959
9092677158
9061274270
9061907223
9060599594
9064493753
9053856423
9069889772
9065778146
9066301620
9069911181
9095731180
9092535390
9066802680
9065053567
9060626074
9065202300
9065901991
9038633017
9061350368
9060597608
9061599099
9065771301
9060994111
9065054530
9093155863
9093156723
9069178949
9069688812
9054955540
9061356639
9065778113
9061267330
9063199910
9034223444
9093775155
9065019673
9060599973
9065923244
9060987583
9061279600
9065019619
9033338700
9061329391
9061352241
9055363806
9069889327
9039143866
9038703514
9065445547
9097267373
9060595480
9065778024
9060592259
9054548389
9061788325
9097264534
9054944617
9060994912
9060512436
9061789323
9092843794
9061353413
9065056073
9060511971
9064395982
9060514029
9065902638
9065200381
9036421662
9060991918
9060516560
9060510605
9062624934
9093155938
9065453303
9061150456
9060996137
9064396122
9097264445
9061355367
9061274027
9069948922
9060990849
9061273906
9066303148
9036405207
9060592370
9061969114
9061353713
9069948114
9061389215
9061389533
9097162292
9069676787
9068845563
9062581979
9069914874
9065536730
9069889227
9065764073
9093041543
9069691194
9056783396
9060995902
9069911961
9061357292
9061632160
9069068977
9069911294
9061273382
9033008439
9069939073
9060991610
9060990711
9093155583
9068844718
9060987738
9093111394
9065769510
9060997488
9068426639
9097184565
9069934466
9065973209
9062209862
9063186420
9060595174
9069878684
9065777778
9036429848
9061350698
9061279534
9061270528
9060985091
9069916373
9060681220
9060990709
9039436743
9060993863
9065770436
9061136906
9060988066
9063185416
9061481020
9097354511
9060597530
9061481066
9052012694
9060989774
9039451272
9066305971
9061278389
9061338642
9059572544
9068992708
9061788438
9093154671
9095507672
9060988075
9069911155
9060680076
9061245040
9094444994
9060511115
9065879690
9066301720
9092834100
9060465412
9061967764
9061387379
9065452937
9060990843
9065203703
9061763866
9068947165
9065054935
9061968662
9061352164
9061789822
9065770904
9061598685
9069936667
9060510347
9060515767
9061764468
9061764657
9056903791
9060987908
9065896349
9061789773
9039935929
9060599435
9063186357
9061113127
9069688570
9033834763
9061968149
9061387487
9069660958
9065699393
9033832930
9069948933
9052350792
9060994110
9036837205
9060991688
9065083731
9060544957
9060988984
9060679287
9061245450
9054539723
9092259284
9061788113
9065129354
9097214767
9053860062
9054953144
9060626049
9065896275
9061779309
9065203316
9060515119
9068983315
9092259507
9061245720
9068114079
9062602496
9069676317
9068844948
9061244067
9093770844
9064395296
9060993717
9059526942
9061387680
9069690459
9063186712
9061136531
9061779209
9060989827
9054544596
9060986619
9068990477
9093160993
9065879692
9064392396
9060991934
9069936740
9093770167
9063199515
9061356113
9069936591
9061388500
9097345815
9056903375
9061354932
9061387456
9061969079
9061338447
9061968094
9039454009
9061246159
9061968828
9065200806
9060989942
9065058255
9065899460
9061271861
9096723730
9062036521
9061279677
9061357437
9060512549
9065202346
9060987920
9061273565
9069878170
9069888256
9069937739
9092533415
9063185768
9061389271
9030291001
9069888158
9065052752
9039917644
9060512839
9054952219
9065779723
9068987002
9065768395
9063185545
9061788385
9060998434
9068845828
9059121340
9060542544
9061388251
9065202273
9061779481
9097266585
9061779283
9092501052
9092676439
9060599992
9061389257
9069676535
9033710576
9038260365
9097263646
9060574487
9093155055
9063185650
9061789902
9061279636
9060988862
9061969379
9039846843
9069163708
9061136905
9065450435
9061133256
9069660135
9060996846
9061387945
9065442145
9066304500
9065775803
9065771261
9064436464
9060987518
9092108445
9061969975
9065203103
9061279103
9061789003
9092259268
9061276407
9061357665
9061350203
9065055641
9069665373
9061354221
9065770125
9060513850
9069163669
9061389183
9068991416
9092003104
9065371303
9068847518
9097162376
9039858394
9033337903
9069671862
9093164651
9066301999
9065779946
9092002868
9065779803
9068849474
9060990214
9097184067
9068845746
9061245009
9092006731
9060992423
9068124269
9062599073
9061967228
9093154415
9065450096
9061388220
9065898640
9060631151
9060987824
9061247151
9061907491
9061350014
9060510716
9065763839
9092676897
9068113714
9061969081
9060995980
9060514552
9061967473
9039430519
9095506550
9050805431
9065898371
9061277673
9061789824
9065449265
9069678832
9061389060
9092003148
9061134001
9065019314
9060992427
9060986599
9068595308
9065136831
9060991162
9061356324
9091075701
9061760724
9068845163
9069936451
9065348294
9065771168
9060993966
9062625086
9092537511
9065200743
9065899500
9061247438
9060594022
9061138015
9097354171
9065203518
9063186858
9060515707
9060988852
9060681409
9065765360
9065440893
9065899246
9065452113
9069172737
9060454145
9065896703
9061476636
9060360400
9069669624
9039451739
9068418458
9061388240
9061244447
9061277659
9061352852
9060987147
9065900830
9061273574
9065443723
9060993927
9060991492
9065449345
9059115089
9093155567
9061907637
9060992741
9061389439
9093155094
9063417766
9065769289
9065203786
9069914915
9061966506
9092836887
9065771010
9092839817
9069664977
9097346174
9062036879
9069069705
9064006050
9069690797
9069178445
9061112051
9050931364
9093154716
9060510300
9060995878
9097162423
9060995518
9056942444
9053881333
9068845626
9053057709
9061356323
9062598478
9061763662
9061245221
9065446028
9065669165
9068427574
9038746030
9065895021
9065765116
9065200956
9061245829
9060596525
9069936548
9061276725
9069669495
9066302304
9092754392
9050028906
9065699522
9054944154
9060990125
9069665834
9060514387
9069936615
9061788408
9064396049
9065900020
9053249735
9060595412
9061135891
9065201976
9065136758
9061356954
9060992188
9060992172
9093154722
9065536803
9065203157
9054953000
9092003238
9060681884
9094001518
9061208538
9065055559
9060681375
9095775005
9061137891
9093155615
9069169841
9065900937
9061388965
9065900279
9061357601
9063199875
9060992569
9068424001
9053873955
9035721037
9065448000
9064544411
9060997831
9037081045
9060996777
9060994770
9060626151
9065055702
9060515047
9061481275
9061969422
9092835839
9060682253
9065202940
9064392397
9060596284
9053865434
9060995957
9061278845
9060990770
9065778096
9065445789
9065052881
9062031060
9060990777
9060593148
9060515801
9069889095
9053874097
9097345027
9069938282
9061388353
9060599916
9065440526
9060513509
9061351114
9063186866
9060988828
9062597258
9060592443
9092005845
9065768048
9060998047
9096782304
9092676919
9065922331
9065768638
9063185533
9061967924
9039913202
9066302153
9097182788
9061132971
9062030018
9060997538
9069949475
9095507091
9065451444
9062610297
9059485821
9063185715
9061357965
9092003596
9061387673
9061279998
9059581457
9061482074
9068998776
9060682078
9061207135
9094436250
9095035545
9066301664
9061206973
9061779648
9065203882
9064598875
9065055505
9092006485
9061244840
9068991316
9060596261
9061338655
9069938450
9060996528
9065901999
9061482035
9060988577
9069690894
9093156216
9065896066
9068846168
9065777565
9069948949
9095042711
9065445349
9069178756
9092834815
9064392778
9060597027
9093812074
9097186193
9060989756
9097162565
9061278292
9065349000
9061461414
9601039993
9060994257
9064395839
9062645534
9061131619
9069671975
9061245001
9093154625
9060597675
9060512889
9061136015
9061278875
9069908999
9061131747
9060996022
9068888841
9060510816
9061329990
9096637433
9033337529
9093164783
9066569419
9061968845
9061136202
9061351143
9093154823
9065052797
9065768873
9069889224
9092503565
9063185417
9065900294
9068844939
9060995219
9605467015
9068997950
9060995974
9069936565
9056884177
9065203910
9060985513
9061969325
9061779728
9065450894
9054956743
9060997187
9065202223
9066303159
9061763784
9060996617
9061789211
9062037138
9097267272
9065203375
9061763529
9061352750
9069665260
9061966469
9061354011
9097183810
9061481304
9036381369
9060510955
9066304540
9064394441
9064393838
9061269283
9061356654
9061245818
9065763482
9061966420
9061764493
9092668920
9069949719
9065348978
9064546660
9051782653
9069671830
9065922856
9097265888
9061356332
9093770648
9061353294
9093160583
9093161375
9065764183
9065879592
9096636209
9066666127
9097345557
9065020152
9064599001
9061247448
9065771099
9092845433
9092533410
9065450930
9062625111
9039935264
9093155321
9065448168
9060678707
9065203644
9061560075
9065054070
9065054813
9092835752
9061246208
9060994157
9093158575
9034223400
9061968301
9064395923
9034223377
9095396719
9069936606
9034476858
9061634692
9060991014
9036407710
9031440834
9060996090
9093154332
9065053790
9060897724
9060985373
9054955297
9092835293
9063360428
9061277863
9065443070
9065448052
9036386888
9061969928
9061246531
9037086450
9061789567
9066303700
9093158557
9064598893
9061389626
9065054984
9065203374
9069677256
9061206900
9065768019
9065349056
9061388697
9065699523
9061244259
9063185317
9060988724
9061353494
9069676287
9065347726
9069671539
9060597165
9066303460
9069914905
9061389525
9601044388
9061779329
9065054648
9061150504
9065777787
9092835559
9097267836
9053237279
9092564546
9060989615
9063184635
9061273003
9061350965
9060993569
9062598126
9063184916
9060594836
9065447953
9066668501
9069912488
9061387795
9058024064
9061387622
9054519446
9065054416
9050089446
9065202780
9092841186
9064392992
9061273110
9063009449
9092536352
9066006064
9060997313
9092100236
9060992900
9054944628
9069915432
9033732532
9061206907
9060997988
9062035644
9065764439
9060593505
9064392348
9097183859
9068846015
9062598945
9069676399
9092536961
9065136310
9069690379
9060679255
9065347860
9068997366
9060990399
9065922603
9039922364
9061244873
9061966421
9069678412
9095028012
9061968439
9062036475
9068882086
9065442340
9065921736
9065446100
9060994336
9036380540
9063184653
9065053559
9061968502
9065899571
9060998019
9065446605
9060990523
9097265006
9061277102
9064392373
9061270110
9065557692
9060997107
9061274251
9062612431
9065451304
9097184083
9061135663
9093957240
9060510773
9061272799
9061357834
9060995862
9068846029
9033770908
9065446837
9061350637
9062208833
9069690612
9064599121
9061132033
9093160521
9069676288
9065444624
9068424946
9060679328
9065055376
9061968591
9069167095
9061788096
9069173799
9093151960
9061240901
9065777531
9068845609
9657791025
9094112350
9065769957
9059480295
9062036676
9068125251
9097266526
9060511678
9060986193
9068595057
9064396138
9069676302
9065765212
9068991066
9060992199
9059301335
9060516457
9064599142
9065025979
9069676409
9061636534
9065900549
9060990009
9061357019
9061779687
9093158567
9068129284
9038665601
9061272707
9069665180
9061461333
9068849560
9053858557
9093160545
9064599312
9097345230
