cnt_post_target
9032990134
9032989437
9032989742
9031031950
9055015515
9055640905
9067125511
9031080812
9031080813
9031512915
9035252575
9035601021
9036726416
9036726420
9036726430
9036852118
9036852120
9036852126
9037274031
9037359277
9037359282
9031042400
9031055400
9031042411
9037723466
9030150961
9039634890
9031840291
9037281901
9037337964
9037337968
9037338057
9067672620
9091652378
9645330457
9670348591
9670348592
9688675499
9039754565
9031588487
9169937928
9031171064
9036133060
9268965792
9169144082
9636903322
9165786998
9663011440
9661390770
9680407507
9645055054
9037291288
9671659801
9688625952
9636555798
9637846424
9637846426
9637846428
9637846429
9637846432
9637846433
9637846436
9637846437
9637846439
9637846440
9637846443
9637846444
9637846447
9637846448
9637846449
9637846451
9637846452
9637846454
9637846455
9637846456
9637846459
9637846460
9637846461
9637846462
9637846463
9645368223
9645379225
9645572115
9680381798
9060525270
9653841309
9684022141
9671025413
9671740467
9030198755
9629439900
9036176361
9031197145
9055598828
