login_0
9683514227
9097211678
9683561896
9683561965
9683559653
9683513192
9683514818
9683515592
9683561967
9683562005
9683552191
9683561974
9683562304
9683512222
9683513394
9683561953
9683514398
9683561992
9683562004
9683561900
9683513020
9683562023
9683561836
9683515720
9683550332
9683513124
9683515507
9683514835
9683514228
9683561955
9683515590
9683513352
9683561982
9683562022
9683513021
9683562305
9683514003
9683561910
9683513126
9683561899
9683514233
9687770668
9683513263
9683512220
9683514273
9683562000
9683515027
9683561978
9683515544
9683512445
9683514151
9683561951
9683561957
