login_b2c
9035227434
9038181857
9038979240
9039674655
9050247417
9053206328
9053275887
9055171452
9056803363
9056905410
9059554321
9060320636
9064160850
9064437591
9064946462
9064947385
9065339310
9067792375
9090359741
9093943553
9094337947
9096448878
9099388707
9600765752
9603896300
9606663475
9607563973
9610284535
9610848694
9611342130
9613772003
9615978789
9617826444
9620782953
9621929658
9622063281
9624869404
9629269137
9631770000
9632888656
9636665817
9636709113
9636828233
9638080508
9639025521
9640284741
9641824011
9642763577
9644570913
9646876090
9648618345
9650776805
9650925906
9651170212
9651177414
9651296435
9651528409
9652134462
9652260704
9652743852
9655965478
9656327800
9658775791
9671577585
9672716366
9673621810
9674039972
9674040124
9674044879
9684790832
9686215434
9687510287
