ctn
9051763658
9051184707
9601430920
9622442706
9051164845
9612430003
9050401340
9050525250
9612523792
9601111939
9607262000
9607065635
9056995995
9622706724
9610159111
9611845802
9066544332
9631549670
9611111149
9066538800
9066539955
9051077700
9056014499
9610160444
9611421294
9050490300
9092749318
9621593617
9203959055
9056579176
9066515500
9056082332
9611369748
9036381155
9030364348
9065292855
9622121414
9605911221
9606451215
9644943564
9622453982
9030288111
9601071445
9525513924
9606244470
9606949693
9621317179
9606238042
9065073248
9606451215
9092659252
9065496555
9102522525
9290129090
9092501228
9036913404
9621996767
9621996767
9065203525
9066399477
9092145400
9158453095
9601215919
9065292970
9051725757
9051005002
9056238020
9092033332
9611301972
9605929998
9065730772
9030280143
9601145610
9657096635
9611841547
9632131321
9601256630
9050566053
9657077506
9290056600
9621953000
9038561542
9632131321
