prepaids_login
9030000081
9030000082
9030000141
9030000165
9030000344
9030000348
9030000699
9030000720
9030000924
9030001009
9030001207
9030001787
9030002187
9030002680
9030002722
9030003036
9030003295
9030003401
9030004000
9030004462
9030004712
9030004799
9030004992
9030005179
9030005858
9030005961
9030006113
9030007031
9030007041
9030007261
9030007383
9030007593
9030007707
9030007715
9030008232
9030009226
9030009369
9030009388
9030009923
9030010090
9030010233
9030010593
9030010936
9030012111
9030012863
9030012963
9030013146
9030015562
9030016308
9030018660
9030018789
9030018997
9030019170
9030019405
9030020880
9030020946
9030021250
9030021527
9030021978
9030022267
9030022372
9030022580
9062758718
9096709394
9092881807
9093845165
9058269154
9096618344
9094794142
9061531267
9092165389
9062759014
9095214150
9095675585
9096616118
9067021908
9096504516
9093032420
9059754217
9039210379
9092889253
9095675363
9095215136
9030222242
9606737650
9096503450
9038441894
9030222479
9090680700
9096618893
9094571127
9051000520
9056970644
9055778464
9095209827
9090683633
9061536614
9095183197
9093647879
9095547656
9096722047
9095171600
9094885286
9096729487
9606736289
9096738696
9092881967
9062758951
9038309613
9095214550
9094887264
9096618925
9093562986
9037088585
9095171819
9095195990
9096731498
9094571343
9092883980
9097477274
9062748596
9062748749
9062748659
9062748675
9096728714
9062747647
9062748676
9062747711
9062748755
9062748748
9061978555
9062748879
9062747735
9062747751
9062748934
9062748950
9061978627
9062748836
9062748738
9052744876
9062748884
9062748892
9062748917
9062749048
9062749046
9062748959
9062748948
9061978779
9062748991
9062747984
9062749023
9062749031
9062749150
9062749184
9062749077
9062749206
9062749085
9062749214
9062749124
9062749151
9062749059
9062748176
9062749075
9062748208
9062748216
9062749352
9062751187
9092416877
9092416673
9062751885
9051770963
9062752012
9096728561
9062751901
9096726140
9092416682
9092218397
9096725428
9092416901
9092416700
9092216815
9092416716
9062752160
9096722600
9062751243
9092218330
9096728642
9096726229
9062752191
9092869187
9092218728
9092869206
9092218394
9092416974
9093242714
9096725537
9062752200
9096722649
9062752198
9092218599
