ctn_prepaid_13
9092614907
9058243943
9031963138
9030073674
9093813111
9060520177
9055717929
9092876757
9093831653
9096765823
9095302315
9097214767
9060897724
9030176739
9096618979
9069690467
9093111394
9095225968
9096663467
9062685232
9032644249
9068118934
9056163883
9092485348
9033526872
9095540664
9096503539
9092564546
9055161758
9069911961
9060544957
9067023715
9095183109
9097245029
9060895663
9092256517
9037493426
9060514526
9067822261
9094436250
9053419601
9095121037
9092495366
9062041077
9096600960
9055363806
9065093568
9096231890
9054943874
9093041543
9060745210
9052545795
9096732576
9051608020
9068880565
9092317100
9094112350
9060645309
9093638418
9061811111
9096175081
9067843064
9039456971
9093458683
9092284985
9059604364
9092817210
9061240901
9096442438
9096664169
9062655878
9032383316
9096750425
9092844201
9606764701
9031440834
9036837205
9061957354
9059411694
9062751665
9065059976
9092010442
9092030949
9605467015
9050775576
9032865813
9091324615
9096364237
9095775005
9065764631
9094605516
9601044388
9053135534
9066394063
9096538474
9093489748
9055678952
9051270542
9607390807
9057818153
9092024621
9055215440
9055965606
9093622629
9093957240
9056676618
9062724568
9094271435
9093049600
9055943454
9095396719
9059115089
9061296356
9092564459
9052085252
9092779398
9058280665
9097425362
9096320008
9092710398
9053068263
9095028012
9065083731
9095328371
9096471695
9092252167
9039137991
9095795522
9058024064
9061237199
9061244085
9050089446
9053646292
9092894964
9061114835
9605156144
9065149115
9060626570
9054703309
9092739617
9065457756
9065488161
9053057709
9095352455
9096373201
9035565786
9095731180
9050870097
9096628361
9060723549
9065557692
9095836820
9090700995
9092754298
9092498609
9033710576
9065767915
9068988761
9062741516
9060547814
9092515251
9068841986
9065370932
9060518298
9092539723
9060835636
9033334107
9096636209
9096637433
9096482405
9684900754
9034476858
9094444994
9062657725
9092378998
9094153104
9094076046
9092754392
9096782304
9601029009
9057627482
9093170337
9061760724
9058297048
9050805431
9037008189
9062903891
9056332710
9095035545
9092055280
9069936667
9068750000
9605656731
9065025520
9061113045
9065020388
9065020421
9061113077
9065537617
9065025574
9069948928
9065020575
9065025598
9061112404
9060627412
9069911073
9065022923
9068423600
9065022791
9068423737
9069911181
9068423842
9065023060
9068423977
9068424001
9065023121
9068418314
9068424010
9069911155
9068424073
9068418426
9069911411
9068424352
9063009449
9095047546
9094500013
9096726504
9052350616
9093670936
9039846029
9069949253
9069911179
9065855595
9065025632
9069949436
9065023436
9061113151
9069949475
9065025666
9039846760
9065856613
9069949492
9065025690
9065023492
9039846843
9033113823
9096462840
9095451798
9062645534
9060542544
9069911330
9065617932
9061112488
9065025736
9068424567
9069949598
9068422523
9065025752
9039454086
9065023678
9069949719
9061113177
9060725001
9039434262
9039434749
9039440949
9065613909
9068424744
9065025831
9069949769
9039435556
9061113218
9065023815
9069178949
9094134365
9060465412
9058568181
9095042711
9096645599
9039843488
9039436743
9039843688
9031852671
9036526330
9033834763
9036422089
9068113921
9065619565
9065619629
9065619620
9068113937
9065538891
9065619660
9065619983
9065538917
9039430158
9065620038
9039844814
9065620075
9065620084
9065620141
9065620119
9039430519
9065620149
9065472057
9094011434
9035755696
9069948115
9065538956
9039845274
9069948268
9069948349
9069948381
9069948468
9069948484
9069948580
9069948587
9039431427
9068113556
9069948629
9069948676
9039467066
9069948840
9095530349
9059121340
9062560310
9069910852
9065020001
9065020276
9065025323
9065020333
9065022876
9065025452
9065025502
9062898140
9059653468
9061112436
9059657644
9059658347
9061112545
9065536988
9061112609
9039451272
9039451739
9061112051
9061112819
9039452746
9061112860
9065537555
9061112269
9065856437
9061112286
9096383456
9060991979
9065452023
9060992003
9060990853
9060995508
9060995907
9065348094
9060993810
9060992068
9060997921
9060995980
9060993851
9060996617
9060993891
9060996618
9060990991
9060996044
9060992189
9060993931
9065921448
9065921464
9060996730
9060996728
9065770846
9060996759
9060992343
9060996768
9060982741
9060988880
9054952794
9065443864
9062029036
9060986619
9060988900
9054944617
9054944628
9060988939
9065446134
9065451710
9062030113
9036407970
9065453650
9060988995
9056903032
9060989004
9054952907
9060989046
9056903133
9036405068
9062029141
9060986768
9065444090
9065449643
9065448052
9054953000
9060986826
9054953029
9068252200
9060988875
9060988883
9060989391
9060988904
9065347479
9065444431
9060989440
9065444484
9060988972
9060989504
9065347584
9060989021
9065446414
9060989628
9060989649
9060989681
9060989199
9060989715
9065448352
9065444769
9060989786
9065448381
9092269902
9065448617
9060890768
9060998047
9060992423
9065921662
9065770960
9065769216
9065921737
9060992537
9065921792
9099686698
9060992569
9060996113
9060992625
9060996137
9060996178
9060992706
9060996202
9060998395
9065769510
9060992779
9060992787
