SUBSCRIBER_NO
9031891217
9031206642
9037339174
9037247076
9031206331
9037894781
9037536691
9037975998
9037413367
9037248081
9037881417
9037266816
9654392296
9636263837
9037553574
9036161374
9031202029
9037231556
9031992356
9037559612
9039685942
9037399331
9039683075
9031707317
9039672893
9037700711
9037313929
9037551977
9031203821
9037258563
9036198614
9037925261
9031206329
9037216716
9031998372
9037295885
9037945554
9037539508
9039684432
9036143323
9037960534
9037889939
9037639873
9037277436
9037817959
9037829902
9037291887
9037298977
9037947751
9031097198
9037895716
9037966459
9031097997
9039684555
9031702387
9031209622
9037923113
9037279875
9037279748
9031992190
9031441318
9036888934
9037352071
9031205310
9037907570
9031205097
9037780978
9037536185
9037339004
9037945286
9037588058
9031091053
9037999670
9037536766
9031368765
9037929683
9037339341
9037300308
9037141552
9037895693
9031205353
9036220505
9037244049
9037228960
9037878393
9037924873
9031992177
9031113467
9037956579
9031071616
9037296977
9036713042
9037454948
9037959730
9037263797
9037960002
9037488007
9031122378
9031094304
9031993838
9037925273
9039680771
9037488945
9031856826
9031200603
9037883174
9037208912
9037714022
9036191197
9031082061
9037997882
9037944950
9036725410
9037272344
9037999630
9037202370
9037295647
9039688496
9031707072
9037922111
9037819140
9031893869
9031112152
9037272416
9039615612
9037792390
9036180037
9037927352
9037894857
9036199615
9037536767
9037247373
9039664475
9031111671
9036677241
9037509930
9660829892
9037555280
9037838693
9037234409
9031209430
9036196156
9036192896
9039682195
9039691155
9037291514
9031856825
9031092877
9037889352
9031282824
9039681114
9031086407
9039682186
9037537745
9037262571
9037536281
9037296254
9031440499
9036841976
9037839072
9039687798
9039685202
9037269244
9031447826
9031441709
9037559035
9037975526
9037379557
9031090268
9037258687
9036191465
9037135849
9037537937
9037279893
9037780576
9031114292
9037530865
9031088807
9037662716
9036199018
9039665518
9031084464
9039617437
9031998361
9037801472
9037295628
9037954794
9036861650
9037538135
9037339002
9037876973
9031112934
9031200742
9031088157
9652334410
9037597997
9037553585
9037360705
9688253370
9037838951
9039681626
9039681041
9057261616
9039681279
9037217467
9031856884
9036787466
9039680639
9031207218
9037297767
9037434034
9039660963
9037982566
9031117835
9039616314
9031205785
9036192920
9037389065
9037803169
9037514234
9031084516
9031443886
9037362106
9037526557
9037141992
9037736733
9037142645
9031282870
9037213945
9036194515
9037279838
9031992954
9039665636
9031281181
9037925173
9031035059
9031209658
9031857929
9036890885
9031444597
9037526554
9031997486
9036874945
9037279718
9031283196
9651648285
9037314101
9037969922
9037359425
9036725994
9037965657
9031088806
9031082040
9031891075
9036671027
9031113385
9036847383
9037878270
9037338895
9037924694
9031200859
9036195169
9039615452
9031441547
9031098632
9037269286
9039687551
9031897037
9031099291
9031205197
9036862024
9037956300
9039661941
9039745730
9031089163
9032751601
9037294309
9037528012
9031085604
9037143063
9032830908
9057478446
9036222836
9036186765
9057641800
9035973575
9035969664
9039683558
9036154515
9035284946
9037140544
9039683430
9035842735
9039685082
9031485586
9035815848
9039683530
9031093637
9037554489
9055884573
9039666931
9037288629
9036600355
9031897474
9036268328
9036893232
9035619883
9031498454
9031498388
9035211867
9031449545
9037269951
9035618226
9039742715
9031557174
9039687565
9037300204
9037342364
9037889040
9039683971
9036700251
9036199613
9031207041
9031035296
9031692743
9031282366
9037362065
9037527989
9036737702
9037254888
9037279595
9031081980
9037954923
9037829583
9037588500
9037263826
9031997725
9037559594
9036149287
9036194835
9031713303
9035967820
9035788911
9037215473
9031498553
9035456830
9035464273
9037204680
9031891672
9031536411
9035619663
9032755027
9035282094
9037430233
9036110203
9037650247
9035281672
9032830420
9629369435
9037987576
9035967467
9099653593
9035791990
9031498121
9032830940
9035961191
9037983136
9031202696
9037216694
9031445596
9035456614
9036188128
9032743061
9035208866
9036112798
9035927950
9037292166
9039680809
9031767086
9031549974
9035913447
9032287617
9031843418
9032287752
9037743359
9032797306
9037246826
9035970005
9037555991
9035286156
9037983509
9031716539
9039688601
9037903133
9035459306
9035211961
9031862200
9035284476
9037704099
9036190876
9035966748
9037761170
9067509397
9037210690
9032798075
9030070998
9035285532
9037984335
9037230517
9031314920
9036143980
9037789305
9035201776
9035201586
9031765944
9031765957
9031716778
9037860831
9035619544
9031485595
9035912810
9039688740
9037660370
9035960800
9031868113
9032752055
9031449600
9037226545
9039680297
9035964670
9031539184
9031992593
9031114317
9032829013
9039684701
9032751811
9036249991
9037883304
9032832050
9031085382
9037443497
9037113172
9035208686
9035209629
9031097966
9035842667
9039705262
9031449293
9055152443
9037214033
9037625448
9037291160
9035461178
9036294055
9035784412
9031699184
9037227662
9037288249
9037968368
9032830340
9031443510
9032755164
9037224364
9035960612
9031999398
9036789843
9031897324
9035619719
9035800282
9035913441
9036288282
9037252058
9031249556
9035912584
9037786786
9031549894
9035965173
9031896691
9035208192
9057899992
9037977173
9031608500
9055096472
9055760766
9037716571
9036833371
9037659669
9629629621
9035842991
9037908316
9032827474
9037970431
9057345595
9036109127
9039608804
9036619001
9031102305
9037620304
9035909883
