SUBSCRIBER_NO
9037220307
9099518886
9060657722
9036613556
9037202322
9031421867
9039695005
9055118489
9096251536
9671565548
9035857929
9031465846
9672449557
9031990977
9680219800
9031202806
9645654889
9670859970
9670391213
9032262620
9057634706
9670494647
9055153333
9037669931
9036152069
9036142576
9055695101
9036161350
9037903716
9035932196
9654339994
9636328507
9037222155
9032946071
9036620043
9037967545
9057018151
9055099496
9037240272
9036861710
9055817788
9037080307
9035811994
9687111491
9651175806
9096439529
9037226730
9031514981
9060741192
9039667337
9636942467
9651818191
9060453643
9030113341
9035226674
9255997397
9037787084
9037145214
9036778080
9636376310
9296660169
9060619454
9639904611
9067235215
9096904505
9039780874
9653944811
9251921696
9262770410
9652559845
9035364634
9672178151
9037197944
9039686854
9057501813
9647050174
9032883155
9663539333
9671032530
9645747494
9653166092
9096282924
9661412323
9652322892
9672299139
9037637936
9032480808
9037460417
9037985164
9039670177
9037998447
9037269233
9035281880
9037660370
9067813769
9031000890
9636081984
9057198167
9099006644
9629051588
9067135178
9035775269
9688464392
9031549170
9035593862
9037282591
9039765959
9091598220
9654083753
9651549990
9035083582
9099405534
9637820820
9685610550
9067935558
9653836991
9037461416
9039615834
9030030903
9037225800
9032254398
9037971406
9037966977
9067819766
9037723369
9035774287
9660071717
9037987405
9031717789
9035833905
9651092297
9263407620
9689011496
9057767771
9030121323
9672135044
9852310064
9060980501
9670281125
9032192600
9647212229
9037710911
9099527513
9032764556
9035300525
9067706439
9055183077
9689363343
9032032318
9645847779
9057161962
9032393902
9686606072
9099626611
9035864278
9031642424
9647222959
9685549705
9688194948
9629486191
9031231668
9031688214
9654144382
9035555990
9055618507
9645248400
9099809375
9647976900
9629643010
9031410732
9037927991
9037964652
9067445063
9653247652
9055053335
9670336913
9645787373
9629579990
9099744389
9647110691
9067333111
9037488051
9057372203
9037115007
9055379031
9670509515
9096541183
9032230121
9651446805
9067375802
9067160310
9035831000
9036717202
9032566437
9654439634
9651988049
9685984446
9030196547
9037235409
9036115259
9057629987
9037680169
9037544444
9036703170
9689452412
9652456253
9037742156
9672968595
9651735525
9032294320
9670159399
9096245554
9670793528
9067083116
9031233240
9036173015
9057147011
9055144095
9096658851
9055672567
9637774734
9031410865
9060570685
9653566446
9636975720
9686073606
9686028478
9057673364
9645919889
9670148410
9032160305
9166140316
9629208986
9653887337
9036152136
9629255760
9689363215
9030129995
9067654163
9099296002
9031530322
9035012666
9629181637
9099131500
9035178018
9685513181
9639974775
9661073883
9671725323
9036849916
9645702444
9031572923
9689891109
9057322149
9636014445
9057776082
9036876877
9629086660
9035209507
9036880948
9031836494
9060569852
9031604592
9645864545
9032352599
9645330250
9031823282
9032571939
9039601127
9037991980
9055888758
9035249633
9057914719
9629614747
9647870007
9629393971
9629630630
9039693514
9037523781
9037254849
9629554831
9039691454
9067101212
9031206434
9035892555
9686035050
9099122242
9055944167
9035794409
9685419134
9636934463
9032126967
9637110378
9653171775
9032803606
9067353498
9687188329
9629558853
9031151996
9685865308
9096557405
9645835847
9636537533
9629932743
9689286341
9689275761
9636735540
9645086888
9645232220
9037522080
9671675222
9036785272
9645972555
9653183638
9031751764
9036165515
9031763485
9037922198
9263002066
9032072523
9032891177
9661209120
9689103662
9652096662
9037321122
9035374994
9680011536
9032264263
9031320998
9680204814
9688907772
9652730440
9269234148
9258804559
9629824408
9651014070
9031566480
9032397339
9031179951
9060654266
9055264371
9672218868
9031617000
9055481500
9055343531
9629073040
9032479549
9647846772
9637108365
9037259869
9037244932
9654075451
9055263844
9037662740
9037203492
9037693527
9060977192
9055380375
9037228212
9037401770
9036149859
9037808810
9629725571
9037658024
9031792274
9637825222
9031203871
9032219806
9057019598
9032195059
9652841290
9067152181
9060316133
9670985290
9654329765
9039687704
9037296254
9636640978
9652688778
9036125612
9055793954
9629459659
9032900040
9037661892
9637825433
9660200540
9057113572
9060959804
9032027005
9031421727
9057776478
9031725653
9057019303
9067140672
9037651392
9096842300
9099905875
9035031982
9057648118
9645284240
9683745966
9057680883
9031651157
9030000217
9645344526
9663772323
9683201188
9687021310
9687019299
9687613299
9688787976
9647977460
9057170891
9060644602
9670748554
9055574635
9067243540
9096238403
9671471036
9096305130
9672026332
9653124727
9645585333
9653669792
9654425429
9670878364
9037700123
9060399082
9099196573
9672841730
9686544060
9031140671
9651047224
9687342435
9671262727
9037791985
9031622088
9096232755
9687462333
9636160705
9672901411
9683355084
9032886155
9663299624
9031828083
9623683899
9684359349
9654323305
9687664998
9067822670
9689028452
9035278583
9055495460
9663786611
9031027527
9645231999
9647964275
9647811696
9661279555
9660734919
9035787311
9032169727
9035804456
9037853975
9099672640
9031122419
9036676510
9057578917
9031795002
9037659841
9035248223
9037856748
9637128520
9647994968
9099670491
9636439747
9096513270
9636291505
9636598988
9037162857
9637120380
9055858536
9653584744
9037798700
9032747134
9036263392
9031027908
9032468588
9036277181
9099940166
9037433836
9035592837
9099120560
9637574155
9031997236
9067255196
9037229268
9057240432
9037955234
