ctn105
79035815848
79037258563
79037434034
79037982566
79032743061
79035788911
79035970005
79039680809
79031868113
79031707072
79037292166
79035208686
79037588500
79035967820
79035208866
79037297767
79031443886
79036195169
79037700711
79037945554
79037537937
79031449600
79037786786
79055760766
79037889040
79037944950
79031090268
79037530865
79031097997
79037878393
79031249556
79039684555
79037803169
79031498388
79031997725
79031088806
79031111671
79031113385
79037443497
79037527989
79037210690
79035912584
79037295647
79031084516
79031862200
79035909883
79629369435
79036112798
79036161374
79032752055
79660829892
79037894781
79036677241
79688253370
79036288282
79031088807
79057478446
79032287752
79031099291
79035282094
79032830940
79031282366
79031485595
