ctn13
79613777705
79060998049
79068597262
79093155282
79065679823
79033314162
79062618127
79054955362
79051791523
79092055280
79065899740
79054952859
79053851825
79060994601
79065445328
79060989907
79094605516
79065020337
79068429209
79065348519
79065053792
79068849305
79065770875
79061908091
79061635994
79066655566
79065051528
79068594795
79065763766
79060515208
79092003561
79068426351
79068881187
79068427591
79097162440
79060990848
79060997985
79061274257
79039939596
79061969247
79062582735
79061356627
79097346110
79063184488
79061388459
79061788399
79060595943
79092010271
79061475749
79068991596
79065779912
79092004131
79068845844
79092835296
79069916198
79062582409
79031993522
79065019568
79060992450
79092003599
79065200825
79060993891
79061789054
79065051236
79069167164
79066303869
79068991077
79058280665
79065899899
79065536691
79059572672
79060994454
79061279663
79060682777
79065450235
79039843488
79060995995
79061138615
79060610162
79061143770
79063185203
79060989715
79061387366
79096726504
79061273783
79068845345
79065020276
79060511014
79061350676
79069660797
79060631391
79065921852
79068990528
79066303330
79060989960
79061272634
79066655577
79064542222
79061354511
79069678073
79063185937
79061205779
79060992240
79060597896
79063360911
79065051421
79060990951
79052350616
79054955365
79064599606
79061778862
79065777920
79093164625
79062602391
79065896774
79064599265
79061135870
79065348763
79060988289
79061788314
79054944103
79062560310
79063184269
79068986619
79038986114
79060989300
79065440218
79069677312
79092003182
79057818153
79064005599
79065765315
79052519478
79065054166
79060597013
79065451732
79060997507
79066006114
79061133122
79054952759
79061387664
79065452023
79061966890
79061329222
79060986455
79096334797
79061388202
79069878335
79065202766
79060994418
79065051644
79065748178
79068426675
79036421778
79030290505
79061968371
79065777677
79069699872
79060986577
79061779719
79097425362
79060592725
79066569267
79061275977
79095506903
79092534219
79065053103
79053405550
79060997564
79065025980
79092269902
79065447734
79061598796
79062618064
79060511664
79060599899
79060514847
79068895534
79061134530
79061352645
79065447100
79059657402
79033704284
79092836826
79063184989
79039467066
79065770074
79061389242
79060574682
79066614777
79060613582
79097345378
79061351485
79061779662
79064599371
79065442910
79061276732
79065023121
79061329452
79038868498
79060512195
79060987819
79061763318
79065922728
79066301104
79066615777
79065775717
79069665131
79068998770
79060516092
79061789496
79093774706
79061481280
79058243943
79065899233
79065201473
79062037059
79060518298
79066303002
79063185719
79068845105
79054955077
79065538917
79060511191
79054955571
79065768819
79092317100
79092451066
79063185230
79068880010
79064395355
79096538474
79060626149
79092401008
79033339194
79060516674
79061350806
79060990346
79095147993
79068881645
79093154502
79060992343
79095047546
79061273616
79093770828
79060511402
79093770852
79061245336
79092681458
79061338767
79092840238
79060993277
79061272720
79056767399
79061356813
79053880775
79061245457
79060516222
79097267774
79060678747
79064396203
79065765368
79062598442
79097344202
79065051856
79066666093
79060992979
79060995508
79061907705
79062597354
79060510398
79067719922
79069680383
79060516220
79061482016
79066569449
79065051405
79069878501
79065779430
79061462615
79097184605
79093155605
79061388584
79093156902
79066304584
79064393444
79060988735
79095302315
79060990830
79062616905
79068750000
79061788339
79061137909
79064392686
79069888324
79065444132
79061968815
79060592240
79092836314
79056756612
79061246967
79060599668
79039458352
79063185964
79092003240
79065879676
79060510392
79093154362
79050931372
79069676722
79092845441
79066302340
79061387713
79061272753
79060997795
79065022343
79092384656
79060990102
79061112860
79061244144
79069691189
79069948676
79065777655
79093151979
79065202524
79065779692
79060985906
79065899655
79060996151
79097345462
79064392012
79061779354
79068422523
79066302574
79097344185
79060996625
79039137920
79061244863
79065203451
79061279815
79065453624
79061356073
79094002777
79065973178
79061788150
79060990098
79065448415
79061788312
79060593183
79097344467
79061112286
79065769970
79065348601
79065203259
79060996618
79068420350
79064397447
79062599342
79093158232
79060596794
79061789605
79060510668
79069163864
79065026202
79061968674
79065777433
79061355874
79061244066
79035854906
79061112819
79068990881
79065921464
79093154421
79063184111
79097264380
79061245059
79065896388
79066302382
79061279465
79092834888
79061788392
79060984959
79065896469
79061789271
79065025575
79066569487
79061968958
79059301572
79060996199
79054957100
79069677127
79097184464
79097185560
79092835152
79061969223
79061150968
79061968866
79061279954
79060515623
79065202817
79062597417
79061355938
79060995632
79066069999
79061763397
79061789756
79063185272
79061354124
79068423600
79060991769
79061387885
79065347990
79060995100
79093163556
79065448352
79065204079
79065442850
79061244182
79092006324
79061387646
79065055085
79061356821
79060996073
79092835527
79065440353
79062030800
79039845328
79050437744
79061245764
79097344532
79061969894
79061763736
79050775576
79033337965
79093155039
79606207645
79060985838
79061355220
79062209737
79065770292
79065770084
79060990162
79065376076
79068417018
79093155648
79060995606
79036398714
79061134570
79060988798
79061246207
79061354116
79061113077
79065777570
79050931925
79034223600
79062208575
79033336645
79061967496
79061135312
79068595710
79065973238
79061789346
79065763989
79069163684
79060594809
79092835373
79060515045
79066302416
79068998402
79065770042
79063184640
79069949262
79069888433
79060592972
79065771096
79091314492
79069916000
79061779907
79092534163
79061788516
79065765726
79093154955
79039916968
79069173872
79065764406
79096732576
79068845087
79060996853
79060595953
79061356186
79065770298
79061763574
79068429000
79062582248
79061968340
79061388514
79093155540
79061357074
79060593308
79093158542
79093163736
79061779435
79092835525
79097266910
79067748585
79092002858
79061968035
79069948629
79060599599
79060993204
79065019667
79061268689
79065447424
79060594101
79061279607
79069888761
79065020178
79065679411
79097263889
79061278006
79032755152
79060592325
79061356607
79061352015
79060993312
79065443384
79068845098
79092835857
79064396189
79065923346
79055965606
79062625125
79065770960
79061135449
79092388139
79061969257
79097263178
79093156854
79065056140
79095225968
79060626570
79033337410
79092259430
79060626263
79060997997
79066613993
79061268801
79039450511
79093161198
79037373686
79092839546
79092835707
79097344494
79060991842
79063185271
79064548883
79060990907
79063360657
79061355285
79069908886
79062580607
79062618048
79061789001
79060516340
79092836680
79051053383
79061388404
79061968462
79060996849
79059052106
79053875178
79060997591
79066304905
79065778279
79061356844
79062925185
79060515053
79061388560
79069169908
79069179032
79064599047
79065896252
79060594379
79061481616
79092835918
79065452114
79063186223
79069167920
79069678671
79062582122
79061277712
79061598507
79065441601
79068129476
79061135760
79062599511
79061278647
79061246474
79065669829
79059112528
79062582356
79051581666
79061274114
79061112488
79061245368
79061763892
79068990752
79038613071
79061388513
79092680645
79068124570
79060990852
79060998238
79060594447
79061788294
79069676272
79060597918
79062582766
79630125555
79060594988
79092674674
79065445242
79068985009
79054511563
79066666243
79065711072
79061763718
79064453000
79062597710
79062582631
79061967600
79068424073
79065347891
79094002220
79065895128
79097161923
79061779375
79031852671
79054944277
79065769459
79061598880
79068882584
79061357237
79065022158
79061387703
79054955330
79069948252
79050931596
79093161292
79061137045
79092501061
79061788832
79061475560
79062036551
79060993041
79061789107
79060512717
79068424367
79060992267
79060591754
79063186266
79065779778
79060990889
79065452289
79061269961
79069938953
79093155898
79061789245
79065453107
79064599157
79069677482
79064541919
79060711099
79065895253
79061969793
79065201913
79060993637
79065055587
79065765679
79065055002
79059589096
79065769896
79053253277
79097183933
79061278951
79056810865
79060987679
79061149829
79065445855
79065879455
79065446610
79093161173
79065921737
79061272724
79061966461
79069886152
79061968923
79061277454
79061277613
79093156552
79068991838
79069660170
79060990666
79061789754
79060988969
79059052133
79053261067
79093156126
79093154543
79060596286
79061245688
79061764057
79065447842
79061968509
79065443605
79065763332
79069691090
79061788622
79060990535
79062582063
79034335750
79069699875
79061388900
79060988815
79064545225
79060516082
79061779973
79097345035
79068990795
79060681125
79060994405
79069948268
79060681995
79061355540
79060991045
79061351216
79069660144
79062626288
79063185109
79092503452
79060516147
79066666235
79065445657
79061244136
79061789164
79069688609
79065022791
79060998237
79053863571
79069908990
79061389327
79062582751
79053855460
79095506561
79036428895
79069069594
79066303877
79066302125
79060982685
79060997770
79061634336
79065900168
79061354077
79060992189
79039458630
79065448270
79060991999
79036424438
79060990984
79097263790
79068881311
79068844661
79065201735
79069936756
79034661144
79097345161
79032204955
79065201034
79060988573
79065348052
79065763299
79067699330
79065052343
79061389374
79069665471
79065901257
79065767770
79092835480
79097355071
79069869022
79097263034
79061269363
79065899508
79061245911
79060994760
79061387900
79033007939
79063184593
79061969258
79063186128
79035565786
79053869739
79060595267
79060991306
79061967135
79065451446
79092006332
79093155330
79097344854
79069677062
79066301250
79064599397
79066302889
79060988782
79061355822
79065055445
79060512154
79061273761
79061354946
79065054390
79093836288
79065025703
79060630921
79061245299
79065448677
79066006045
79061205803
79065347322
79069887744
79093156196
79061388408
79067747722
79061789838
79097184690
79061481312
79060998409
79060995388
79069949436
79069690725
79065769935
79065052954
79068845641
79060513537
79061245681
79036404974
79062602298
79061244505
79092834595
79061387678
79093156098
79069886655
79061387455
79060511086
79093154917
79065371270
79637673558
79065896524
79069671951
79060623003
79060990002
79061273599
79092501165
79066302817
79095795522
79060598297
79063186081
79061278158
79062030641
79061389401
79064396139
79060996730
79096320008
79097267651
79061764323
79061245517
79097184655
79092687365
79069688552
79094003777
79061965855
79065055388
79061277062
79061352254
79069949718
79061246744
79069691201
79061245661
79061356959
79061113218
79060995412
79065447480
79068423647
79096618979
79061133572
79097344427
79061969560
79093154312
79065447787
79064544321
79065200247
79061387987
79061354211
79060984713
79065445344
79053880160
79065449643
79069671870
79065019435
79066302138
79065449653
79092835824
79069887531
79097344572
79063186162
79065505704
79064006070
79061269499
79065763895
79064598721
79060595918
79093155080
79068849476
79068998108
79067698884
79065443947
79069949492
79062582732
79060516451
79062602125
79065056570
79064599431
79061133358
79092676901
79060996010
79069669939
79039449758
79092835349
79062624895
79093156054
79060594818
79092834987
79068845080
79066300901
79065767850
79065349083
79097162588
79060985625
79061779640
79061350069
79069068906
79065445397
79068881911
79068947235
79061636616
79060595183
79061352677
79061355238
79061788313
79061277369
79097345234
79060575092
79065920868
79060630816
79065898542
79037088368
79061133231
79061389052
79061351288
79065025836
79061338233
79064599327
79065764565
79065447184
79092835179
79061245706
79060998146
79060993648
79061246421
79097345332
79069888191
79065764631
79061273095
79068880674
79061788636
79065348073
79092676942
79065022112
79068992240
79065922003
79061137841
79061278989
79065452024
79062582227
79065900298
79061135214
79097184075
79061329464
79060988154
79057627482
79069669463
79068849665
79068113921
79065900270
79060514693
79060599331
79065921506
79065921723
79068990572
79068124253
79062208606
79031279305
79069848424
79061389126
79060610719
79069909671
79060592118
79061388946
79065764305
79060998454
79060997996
79060996769
79056903848
79069660313
79061788123
79062209792
79065777877
79066305038
79059012205
79093770779
79093155946
79060995953
79039137991
79060682208
79068113593
79092495366
79060512681
79065204014
79051518753
79092835494
79093773216
79061246119
79061387834
79053851815
79066661079
79061352130
79060895663
79060512221
79092010143
79061208597
79062581926
79064006090
79061389062
79061150503
79061352120
79065457756
79065055212
79069068723
79061246150
79068845293
79092010047
79061133961
79096339139
79060997106
79065444424
79065056312
79065898118
79065779708
79069889969
79093163514
79065895371
79061244274
79033334107
79097345327
79065448381
79061389530
79068993145
79060996415
79069671877
79068985124
79065442605
79061355751
79093770501
79068997139
79061132457
79060595179
79066303023
79060596021
79060992360
79065536709
79060996236
79097265893
79097344472
79064831136
79068880565
79033338456
79053279386
79061387591
79062624998
79060512165
79064395750
79061353802
79068997784
79061389015
79061329208
79053688310
79064598871
79060994513
79053244210
79060986940
79069936572
79059855875
79065899539
79060989872
79062599272
79064395758
79064391974
79061387995
79061967609
79061969076
79064599621
79061357526
79061338401
79065445455
79065879181
79053887340
79060574675
79060628799
79060990945
79065445971
79054953501
79068999059
79050342095
79061274729
79060595528
79069912464
79061907413
79066301025
79033337913
79068982947
79061389671
79068986646
79093154229
79065923804
79068428442
79069948840
79060988869
79097346175
79092503135
79039922744
79064392222
79062582128
79061966360
79069688852
79061907550
79069665616
79093154764
79060990057
79061969096
79065451421
79061969051
79060995838
79061276606
79066001400
79068595201
79065451390
79065201733
79061969723
79069948484
79065443373
79093161998
79068596813
79053860048
79097345334
79061764058
79039430411
79061907276
79061112901
79060995651
79069690998
79066303692
79062035652
79062599490
79060992675
79093173492
79031860196
79093154832
79061968078
79058340752
79039846760
79061811111
79060984281
79065901895
79060990089
79065650505
79060989004
79093049600
79060627412
79060982741
79068423842
79065054650
79092833953
79092539630
79093155541
79060992264
79060988904
79606764701
79065445648
79053866819
79065898824
79092533695
79061389642
79061388728
79060995890
79060663869
79065770664
79065699498
79063185638
79034045775
79061133211
79097266882
79069916094
79060993276
79054952794
79061278554
79065445262
79061352275
79065449430
79065448592
79065900102
79064598902
79061968475
79065449508
79065973271
79061338530
79060986493
79066303411
79059573394
79065054557
79061969897
79066302290
79068845238
79065897636
79064546222
79097344528
79092874000
79068992084
79060996403
79065444806
79056903543
79068881335
79065055754
79062598093
79097186112
79069916391
79058507080
79053263344
79061329451
79031572240
79065449071
79092006061
79066301912
79094948333
79097184567
79065201935
79061244631
79056163883
79065201989
79065020333
79097267625
79061967289
79093156188
79060678586
79068881468
79060990599
79061389378
79065202245
79061353972
79061245653
79061966565
79060597393
79065778149
79060595444
79061246768
79053877243
79093831653
79060992655
79061267506
79065200491
79033338333
79065203662
79054535096
79093154259
79061352335
79061387563
79069678282
79060988823
79092836076
79092259460
79065050207
79097161757
79061779635
79069167155
79061136631
79060591904
79065053958
79092840144
79061779233
79061481922
79097264836
79061969540
79053854515
79063183959
79062208836
79065203408
79093158493
79097265490
79061387770
79092739617
79068983175
79093154486
79065055635
79065895484
79060988659
79060989197
79061389234
79063185182
79092838516
79065778088
79065770407
79060594081
79069878428
79069166756
79068882792
79065770195
79052908027
79092538470
79068113556
79062597953
79066302832
79092006493
79061964856
79062036895
79061272676
79061209628
79060997708
79063184855
79065777512
79061245425
79038754076
79061136401
79059654425
79061599078
79061329533
79061965802
79065447260
79065348532
79093813111
79068882312
79060511050
79060991535
79069671385
79056775131
79062602150
79062602604
79061246314
79039454276
79065767445
79097345764
79068990941
79060989170
79066305205
79065763838
79095501961
79069687735
79061789835
79060592526
79069671693
79060575485
79092259550
79061968819
79064547474
79066301467
79068113580
79065537617
79062029934
79062582147
79093156862
79060512512
79068998619
79065440351
79053858180
79063186769
79055402225
79064599181
79061779431
79061277479
79061387399
79065448416
79065445429
79060592268
79061388336
79060994327
79054539387
79092845351
79060994288
79069661024
79061968579
79061968929
79059658667
79060995365
79060596590
79068846023
79068895294
79097265464
79061353147
79069169766
79068986927
79096365017
79092835515
79062580261
79065763277
79065055499
79061790245
79061357075
79061279278
79061245149
79061968959
79061150139
79065901550
79065679407
79064391728
79060990760
79066304532
79061355337
79060993934
79061271897
79060516229
79065769849
79061272792
79619834208
79068894631
79059115486
79067726611
79061356855
79065052605
79097262435
79061388436
79065769753
79065050060
79092564459
79092838586
79062599209
79068880359
79092010221
79061765930
79054511437
79061481977
79050932141
79068880815
79061244730
79065923746
79060513170
79065537555
79062685232
79060991781
79053876578
79065617908
79068125205
79036385226
79060878900
79065699264
79069916022
79034223388
79065448705
79062582787
79061272185
79061969987
79069915509
79069948966
79063185749
79064599091
79094003377
79068984984
79061272758
79093156367
79061356891
79060510855
79065202580
79054956708
79060626017
79061244083
79065052567
79060511427
79069889423
79065202353
79054952944
79060595619
79064599587
79069691261
79066302969
79061779141
79062036966
79060998200
79065447467
79069888798
79069179146
79065895151
79061350875
79061788768
79065447136
79054803901
79061112436
79061788834
79061481130
79060626287
79060596712
79061338481
79095530349
79069888435
79051270542
79061599054
79092006045
79065446654
79050932117
79060995528
79060996766
79065896359
79092835263
79065450958
79065899292
79061968643
79065901937
79065442701
79065900059
79065444769
79065448577
79065203231
79095451798
79065449342
79061244275
79092835376
79093155401
79065922371
79068845376
79095121037
79061967432
79065055030
79061273839
79056903821
79069677248
79067750022
79068423977
79063186330
79065024922
79065769216
79062580555
79069665090
79068845023
79030073674
79060663998
79060990900
79092835416
79069912415
79092003270
79066569363
79061388435
79039843688
79061278637
79069169802
79065777502
79060993851
79054952655
79065055605
79065053198
79063360832
79065770051
79060599565
79065444133
79058568181
79097264507
79065442114
79065777520
79065442888
79065202754
79061279906
79065442019
79067699322
79064392083
79051854105
79065200739
79061278990
79065445435
79061354374
79053869661
79053853161
79060996245
79068429420
79097267186
79060990115
79092259149
79060989221
79097263702
79065921787
79069948401
79065441115
79060585231
79061279590
79061274421
79061356299
79068882090
79092655491
79065779731
79065159985
79065899444
79061778887
79069676771
79053859612
79062599200
79064549191
79061388509
79066569290
79061481164
79060988034
79061356698
79036507461
79092002920
79064494129
79067749292
79065449045
79092836327
79092024621
79054952166
79065203413
79060595632
79065777760
79061387707
79069688473
79059653468
79065440772
79060994361
79065923713
79063186312
79093156827
79062028735
79092668632
79061246751
79061789528
79061387654
79092677034
79060597012
79065054417
79060611852
79067697339
79065452197
79061271783
79065203969
79095503861
79065285191
79064392321
79061350932
79061968636
79065899651
79063184356
79061599104
79093156483
79061350288
79061329458
79054953029
79069888246
79065777583
79060987148
79096364237
79061481593
79061967371
79068845574
79061968729
79056903131
79060997707
79060595933
79061135224
79065129594
79068428389
79069691193
79061361065
79065442359
79060574832
79054536941
79064599102
79065444363
79097346316
79060592748
79060993719
79061475869
79092655480
79094076046
79069677635
79054957711
79065855575
79069889577
79065146100
79062598921
79065446664
79069936603
79065200729
79069167725
79060594255
79060592594
79062633019
79065896313
79097345727
79065922001
79033031345
79060510780
79094001523
79094500013
79068597320
79068983102
79065770310
79069688827
79065203150
79060986768
79093154594
79064453232
79061355882
79092676517
79060988098
79069173609
79061270760
79060678068
79065922012
79093155724
79065055992
79061279890
79092256517
79068845088
79069910651
79061245352
79037074780
79065440544
79065053622
79061137449
79061389394
79065054619
79061969181
79061968300
79065453553
79068881716
79065449997
79061789400
79065201674
79064598924
79068882619
79061350207
79060680805
79068849500
79069690467
79068991747
79061968851
79063185371
79097345012
79065445443
79063185637
79065900690
79097344830
79061969671
79068894572
79061388207
79093155937
79064393429
79061907277
79061968441
79060983460
79061779686
79069949598
79061388593
79062597778
79065777401
79065440794
79092845308
79061273872
79065453583
79069660910
79066300902
79063360706
79065767915
79097266221
79059652347
79061356075
79065445387
79061389567
79092838114
79060987887
79066302018
79065450525
79059658347
79096503539
79061273424
79069950080
79065453530
79060989987
79061462535
79065767424
79061356122
79060683010
79034325011
79069069230
79065445357
79092836482
79092004462
79059654465
79065699456
79097344932
79067733232
79060990470
79061137400
79065879743
79062602158
79061599068
79061245945
79060996237
79061134814
79061244011
79061779608
79092835365
79068846104
79059301617
79065669141
79060596574
79061794148
79060514508
79061329360
79065054235
79061357174
79063184388
79062029465
79061249542
79092836735
79061350628
79065129417
79092364536
79063248536
79065202736
79092534212
79093154897
79066302915
79068989857
79065767756
79097267723
79061779717
79036387197
79061969396
79068844956
79062598900
79093155688
79061271392
79065768964
79065659733
79061631566
79630171733
79066303230
79094011434
79060993897
79065777749
79061389571
79065446134
79065769428
79065777873
79062598507
79060995396
79060989057
79061598454
79092498609
79060989155
79065055167
79061481691
79093158379
79060510188
79060599309
79060593039
79065441598
79069068954
79092836731
79061965761
79060515688
79061355091
79064598708
79060516016
79061356123
79095506972
79060575571
79065923757
79065025323
79061779804
79065058935
79060997767
79065616879
79096645599
79061387618
79067023715
79061133477
79060995971
79068991174
79060745210
79065763450
79068983233
79061279898
79061244614
79065770947
79065896491
79060682303
79060990991
79062597534
79060991400
79061789308
79033333807
79097184819
79068426640
79062582525
79061136548
79061276375
79060593452
79054955385
79092838642
79064398999
79092254985
79065443886
79060595535
79060991651
79061246389
79065775931
79068424744
79068990542
79053068263
79069069260
79065441960
79033706033
79069690596
79065053087
79061329597
79064598885
79060611281
79061354504
79061364121
79061244268
79065763131
79068845277
79061966239
79037109123
79064391828
79061245639
79069069428
79061113151
79064598910
79060998027
79069169586
79061788697
79069166133
79093162311
79065748195
79069688780
79062440297
79036407753
79065201677
79065896525
79065770812
79068252200
79061968806
79069677441
79069664968
79061207134
79069688474
79065897705
79065902350
79635744488
79061274377
79065024858
79060988817
79060516634
79064436633
79061907158
79064831095
79036501418
79065899313
79061387810
79065449810
79032573939
79065020001
79065447341
79064598876
79060993607
79038750099
79065449110
79062028444
79065347584
79060997593
79065896351
79065453345
79060987609
79060995744
79061354939
79068849576
79065669437
79066301322
79060993997
79053865430
79097184828
79033339016
79068998553
79060988807
79061968116
79060516149
79092835335
79060681361
79060994645
79069167684
79036424572
79093164429
79093160899
79060991445
79061388501
79069167961
79061968979
79062598841
79056874325
79060988900
79093163530
79059576249
79069878122
79069166396
79069889320
79065447269
79062036575
79065447999
79096442438
79060930726
79061279686
79065203861
79064393342
79064005533
79056903792
79065348473
79092259199
79061778955
79069688691
79061269809
79065898820
79066233797
79069888880
79061150255
79069665697
79095540664
79060513235
79093155806
79061763387
79065764989
79069665511
79061350936
79092835592
79061277808
79068846012
79092003636
79069910445
79061276941
79065895121
79069664993
79065444318
79092535228
79092539723
79060683212
79092845261
79061387991
79069879715
79061969117
79068991203
79060594441
79060599217
79036407970
79066301453
79066300997
79061145382
79061388566
79069915161
79061150628
79092387179
79065973392
79065200705
79069665164
79061272388
79061351266
79068998029
79065449616
79097345351
79065777577
79054956822
79097185987
79068990843
79061354795
79092845269
79060610133
79060514585
79065921465
79061779770
79069179162
79092364313
79065536988
79064393141
79093156189
79065453880
79069948882
79061245672
79654546777
79060990031
79060597253
79062626512
79061967383
79093155426
79092002882
79061069909
79061246234
79060995442
79060682872
79068992378
79092668718
79069936479
79068429210
79066303506
79050931604
79061387626
79065769037
79060990283
79069889468
79060510841
79065679595
79060683327
79061388845
79064006040
79060595860
79069680400
79062582609
79060990391
79034371706
79093311491
79054952705
79060596004
79065051375
79061968150
79036373064
79069676490
79060547814
79069665613
79067843064
79065202944
79065203423
79065859192
79065748053
79092257017
79064494461
79660870370
79061967428
79065445720
79069938487
79068849516
79092614907
79061387488
79067697081
79068880640
79069948818
79092503840
79069915508
79092003958
79061276002
79066302794
79067738899
79060998340
79061789298
79062036834
79062602220
79060990943
79068595378
79033329170
79061277886
79061350210
79068846122
79097344412
79065763854
79096382050
79060682242
79061245632
79065451710
79061968808
79065201643
79060994823
79060997299
79061968868
79065923565
79092364529
79053875478
79092835351
79061388486
79060599738
79060996189
79065201425
79064436996
79061277502
79060991137
79060996889
79092839627
79060511297
79068845919
79069155555
79060993291
79063199568
79039280033
79061351123
79054952610
79060996698
79060591972
79092685940
79063184436
79069916334
79065445769
79061354828
79069888725
79060994299
79065450893
79092003562
79061276503
79061353936
79065779754
79065897493
79065453526
79069691131
79065447784
79065200510
79069949769
79060993833
79092004354
79066301679
79061969133
79060521079
79061599014
79054952256
79069949325
79069887566
79061969363
79061789856
79065445383
79039434749
79065023492
79050342662
79065348836
79065025996
79092835691
79063186206
79060628680
79060592309
79065976374
79061966621
79061969410
79033526872
79065903293
79065025752
79069166755
79060995970
79065896421
79062903891
79065444342
79062599266
79038628234
79092003941
79053856209
79061788861
79059921872
79060988106
79060994462
79092836929
79060511565
79065203182
79061399060
79065895244
79061387769
79060990418
79062037038
79068423718
79060591823
79069912665
79093155975
79033179189
79065055101
79062582460
79065896077
79061245182
79065767040
79061329283
79060986899
79061244682
79060996582
79065900053
79069889503
79060985680
79060996370
79060997723
79065368855
79060592532
79061779096
79065747702
79055161758
79065769515
79092533663
79092533545
79062602258
79093154277
79060989046
79093156030
79061968346
79060995696
79060611136
79092835695
79061763506
79065201051
79069676513
79065201877
79060591826
79092406495
79068846101
79061764552
79062679028
79097263201
79060993345
79092388356
79097266026
79068846003
79060993180
79039934840
79097345017
79053883924
79054952936
79065763088
79093154356
79069911001
79061350464
79069678291
79062655878
79065445591
79054510627
79061354366
79065447662
79060512079
79065441234
79093160273
79059604364
79061779236
79062597507
79065679954
79053864401
79061789363
79061135033
79061277998
79066301013
79061246160
79065900465
79069886471
79068986722
79060610468
79093154996
79062599609
79060988474
79064393324
79061269889
79062625047
79097184712
79061355467
79092836186
79069661073
79065879312
79065284033
79061387940
79060993227
79060991289
79061278108
79061245525
79093155664
79061560010
79093164758
79068846048
79065025598
79065764997
79068990538
79061598963
79061788586
79053200250
79061388463
79097264484
79065764397
79060988579
79061277903
79033338457
79060996463
79096335659
79061788721
79095159604
79061272734
79061907286
79039920136
79065203520
79068991021
79039430684
79069934727
79060596494
79065895104
79065443644
79065897963
79063184393
79065902838
79061966569
79065129658
79069671434
79614271488
79053852056
79068418314
79061245687
79050193410
79066302906
79065349007
79063186888
79061765831
79062597989
79065202099
79060571836
79061789381
79065203653
79094792728
79060514764
79061329982
79069166349
79067699040
79065763181
79063186168
79065898294
79093161866
79069869292
79061277043
79065055612
79066569319
79065445386
79093161244
79060990727
79065899243
79060625004
79061351137
79093638418
79053860157
79068757575
79097186906
79064396016
79068894826
79060516254
79069690757
79065136520
79060595802
79060664168
79060987623
79060630799
79092817210
79093154966
79064599627
79053861727
79061967618
79066302542
79097184345
79060990780
79068882778
79061788626
79066302646
79066304559
79060593269
79065444698
79092539250
79060594359
79069690580
79061244058
79064544999
79061352273
79069869452
79061968431
79061966181
79036385494
79039925119
79068597519
79069660183
79060996789
79069676648
79060594933
79069878280
79056828654
79092835987
79061350154
79061481362
79050432975
79061279853
79065440670
79060512002
79065973335
79060995564
79061209462
79061788894
79060991766
79064541122
79059286433
79064599060
79065370615
79065204183
79065898334
79065901559
79035859354
79069166427
79065453372
79065440367
79097184500
79097182812
79061789081
79061135626
79036429149
79065895088
79065763550
79060990904
79061352376
79061272411
79063199933
79065901297
79061245243
79065764500
79060818381
79092836371
79060623761
79065618618
79092006325
79061765487
79068849347
79060992951
79061353818
79060988258
79061352186
79065897860
79061247456
79060990563
79065201823
79060994944
79061789401
79065443097
79065775983
79065777673
79053646292
79061387826
79061764748
79062626648
79061355946
79065768655
79092004206
79064548844
79060991739
79065201263
79064500411
79061763381
79061278789
79065922433
79097266525
79050334728
79061356970
79065771002
79060996997
79065204208
79065896602
79067697516
79065900983
79093154999
79061968210
79093458683
79060990568
79060993289
79065201087
79060571982
79063184071
79069889723
79054549689
79069690636
79065136350
79068844752
79065200379
79065443946
79069166207
79065445032
79068114261
79062626240
79063199824
79060679472
79060723549
79069912833
79097345043
79063185229
79065765578
79060683106
79069936659
79061387953
79036425046
79065777771
79093622629
79060992625
79062598170
79039454086
79060988995
79065019700
79060514856
79061389930
79061388305
79054943874
79060988826
79065050343
79061763482
79069916389
79061353573
79067725544
79091130056
79061279696
79065448411
79060998102
79068896088
79061357869
79061113177
79061966261
79060595104
79097185267
79061388387
79097266323
79060996051
79060985443
79060511282
79069676762
79096628361
79052545795
79065768323
79061136223
79060571990
79061354315
79061134562
79061388732
79069660433
79054952592
79069660312
79065896199
79065899868
79061598365
79068847477
79092838161
79060990114
79036424463
79093162073
79097267034
79061598625
79065763015
79054953715
79060995823
79091044603
79061246225
79060599547
79094003838
79060513129
79068895111
79097267142
79062031029
79063186625
79069908781
79065445211
79069690701
79061969668
79061149786
79054513258
79068424352
79069677563
79050432719
79051797678
79065900831
79061268075
79063184648
79061789358
79060997839
79065443383
79053872173
79061245894
79630131313
79065610705
79063185824
79060986365
79063248695
79061765298
79063184411
79061387907
79097267372
79050931396
79069179007
79068429390
79053864115
79065448726
79069889201
79059306580
79064547700
79060593289
79060995684
79060990373
79065770725
79060996178
79069688762
79060573790
79060595996
79053874735
79060997847
79093160716
79060991834
79095352455
79068118934
79068845912
79067822261
79065375054
79065443734
79069686600
79064396205
79061246021
79066304045
79065021763
79061968949
79065441952
79065765831
79063184382
79061482082
79039434262
79069660114
79061278520
79060511141
79065203902
79060989032
79060682311
79061389021
79061779805
79064494122
79069691160
79061363347
79060599209
79064599025
79061967976
79065779904
79061131691
79063185152
79065896695
79065900190
79092003998
79061351988
79069671903
79067730011
79060998164
79060994070
79065451639
79061352261
79050931908
79061354796
79061636141
79069908574
79605656731
79062581457
79063184594
79056881956
79060598033
79065020421
79065900791
79060628870
79065025520
79069677919
79061244085
79064598945
79060592736
79061135864
79068124469
79065203600
79065204258
79063360805
79060511325
79069665761
79066303837
79061138329
79068428415
79065453672
79060988952
79061350361
79054703309
79030176739
79053868384
79061278700
79060597950
79065770954
79060994255
79065441452
79061355354
79062582747
79061150263
79063184267
79065763326
79060995743
79053866244
79065451506
79064396148
79065201713
79061279254
79061968507
79039845274
79065900050
79068845006
79060996202
79092537495
79060985339
79037079098
79069692302
79065446612
79065200975
79063199632
79093154290
79069878740
79066303263
79064546555
79064493853
79093155831
79068424445
79061968160
79066302851
79061352474
79061788890
79093158429
79039939648
79060997510
79062624957
79065899428
79061778885
79068427550
79060988880
79060596461
79065443079
79065768394
79062030804
79065348961
79061907951
79065200634
79065053973
79050446094
79062602423
79069887921
79066302349
79093158255
79062599416
79060575080
79061277284
79062582592
79097266797
79054955207
79061968905
79066300910
79092537430
79065051551
79063185065
79065442275
79060516117
79065445933
79061357978
79069068955
79064598700
79053273412
79056772076
79038718097
79063184937
79064392151
79068129433
79060991426
79065538891
79069660557
79061244739
79096600960
79065898512
79062582288
79092259445
79061908120
79060989016
79065452388
79060515850
79061389563
79066303573
79064599543
79062598143
79068991580
79053853488
79060515828
79069166257
79061907642
79060596283
79061112609
79069677224
79097345052
79069660267
79054956742
79065922211
79061296356
79061779780
79065777868
79060598272
79065900503
79062208668
79060987019
79066302697
79060991754
79061389654
79609464000
79061387383
79066304053
79061763769
79066305131
79064598880
79061779990
79065450755
79069167960
79061278702
79061246062
79036422888
79097266099
79061789006
79069936686
79065202510
79068426609
79065202652
79056332710
79068845983
79039938217
79053874336
79069696298
79069659973
79061357883
79061135134
79061389208
79060595147
79060681878
79060514543
79634390195
79060592212
79093156503
79061350259
79068426494
79606157960
79095506841
79066301656
79068999126
79060989757
79068127714
79061968907
79097354277
79065054955
79060991755
79061763612
79065445506
79065763190
79093775967
79065901582
79066301538
79069660548
79034318482
79065449858
79033014830
79060995242
79060597901
79065765027
79093245938
79061351167
79091324615
79097184530
79061352604
79054956823
79065441303
79063185450
79061387430
79061388313
79061388836
79065900598
79092535819
79061137587
79061352122
79092003942
79069691163
79068424453
79065537570
79065203953
79062696395
79061482002
79068991502
79060995195
79065855976
79069690717
79065765300
79062619593
79060990324
79060990081
79097344832
79061355457
79061351096
79060989391
79066302356
79065879440
79065611263
79093160968
79095836820
79065901449
79053219652
79065448473
79060996188
79061135439
79068595469
79065055985
79689215130
79063185625
79065452358
79033834899
79095506710
79060985227
79068992416
79097345562
79065879777
79060514526
79062029874
79092876757
79060991267
79062599354
79060993361
79061271585
79061968171
79060510501
79062599565
79065923592
79064547755
79069163061
79065445590
79097185953
79065901889
79060681400
79092258835
79060992433
79065444441
79069889540
79069665163
79061151078
79061778959
79060998313
79061779100
79060617372
79069173585
79068429330
79061279550
79063360912
79066302510
79065903799
79061112478
79039914911
79065899906
79060995605
79069660466
79093770551
79065442273
79054956670
79093163991
79065536915
79097266732
79061136523
79060991367
79069169866
79069665059
79060598255
79060990724
79060997261
79065447877
79061389419
79065441451
79061246003
79068882781
79061634998
79039451884
79065901606
79061244159
79060989371
79068424010
79092401454
79061389538
79050332203
79060681673
79068594894
79061357842
79092676886
79061788807
79060987449
79060988830
79060593624
79054955285
79065775565
79068845336
79068597174
79069671959
79092677158
79061274270
79061907223
79060599594
79064493753
79053856423
79069889772
79065778146
79066301620
79069911181
79095731180
79092535390
79066802680
79065053567
79060626074
79065202300
79065901991
79038633017
79061350368
79060597608
79061599099
79065771301
79060994111
79065054530
79093155863
79093156723
79069178949
79069688812
79054955540
79061356639
79065778113
79061267330
79063199910
79034223444
79093775155
79065019673
79060599973
79065923244
79060987583
79061279600
79065019619
79033338700
79061329391
79061352241
79055363806
79069889327
79039143866
79038703514
79065445547
79097267373
79060595480
79065778024
79060592259
79054548389
79061788325
79097264534
79054944617
79060994912
79060512436
79061789323
79092843794
79061353413
79065056073
79060511971
79064395982
79060514029
79065902638
79065200381
79036421662
79060991918
79060516560
79060510605
79062624934
79093155938
79065453303
79061150456
79060996137
79064396122
79097264445
79061355367
79061274027
79069948922
79060990849
79061273906
79066303148
79036405207
79060592370
79061969114
79061353713
79069948114
79061389215
79061389533
79097162292
79069676787
79068845563
79062581979
79069914874
79065536730
79069889227
79065764073
79093041543
79069691194
79056783396
79060995902
79069911961
79061357292
79061632160
79069068977
79069911294
79061273382
79033008439
79069939073
79060991610
79060990711
79093155583
79068844718
79060987738
79093111394
79065769510
79060997488
79068426639
79097184565
79069934466
79065973209
79062209862
79063186420
79060595174
79069878684
79065777778
79036429848
79061350698
79061279534
79061270528
79060985091
79069916373
79060681220
79060990709
79039436743
79060993863
79065770436
79061136906
79060988066
79063185416
79061481020
79097354511
79060597530
79061481066
79052012694
79060989774
79039451272
79066305971
79061278389
79061338642
79059572544
79068992708
79061788438
79093154671
79095507672
79060988075
79069911155
79060680076
79061245040
79094444994
79060511115
79065879690
79066301720
79092834100
79060465412
79061967764
79061387379
79065452937
79060990843
79065203703
79061763866
79068947165
79065054935
79061968662
79061352164
79061789822
79065770904
79061598685
79069936667
79060510347
79060515767
79061764468
79061764657
79056903791
79060987908
79065896349
79061789773
79039935929
79060599435
79063186357
79061113127
79069688570
79033834763
79061968149
79061387487
79069660958
79065699393
79033832930
79069948933
79052350792
79060994110
79036837205
79060991688
79065083731
79060544957
79060988984
79060679287
79061245450
79054539723
79092259284
79061788113
79065129354
79097214767
79053860062
79054953144
79060626049
79065896275
79061779309
79065203316
79060515119
79068983315
79092259507
79061245720
79068114079
79062602496
79069676317
79068844948
79061244067
79093770844
79064395296
79060993717
79059526942
79061387680
79069690459
79063186712
79061136531
79061779209
79060989827
79054544596
79060986619
79068990477
79093160993
79065879692
79064392396
79060991934
79069936740
79093770167
79063199515
79061356113
79069936591
79061388500
79097345815
79056903375
79061354932
79061387456
79061969079
79061338447
79061968094
79039454009
79061246159
79061968828
79065200806
79060989942
79065058255
79065899460
79061271861
79096723730
79062036521
79061279677
79061357437
79060512549
79065202346
79060987920
79061273565
79069878170
79069888256
79069937739
79092533415
79063185768
79061389271
79030291001
79069888158
79065052752
79039917644
79060512839
79054952219
79065779723
79068987002
79065768395
79063185545
79061788385
79060998434
79068845828
79059121340
79060542544
79061388251
79065202273
79061779481
79097266585
79061779283
79092501052
79092676439
79060599992
79061389257
79069676535
79033710576
79038260365
79097263646
79060574487
79093155055
79063185650
79061789902
79061279636
79060988862
79061969379
79039846843
79069163708
79061136905
79065450435
79061133256
79069660135
79060996846
79061387945
79065442145
79066304500
79065775803
79065771261
79064436464
79060987518
79092108445
79061969975
79065203103
79061279103
79061789003
79092259268
79061276407
79061357665
79061350203
79065055641
79069665373
79061354221
79065770125
79060513850
79069163669
79061389183
79068991416
79092003104
79065371303
79068847518
79097162376
79039858394
79033337903
79069671862
79093164651
79066301999
79065779946
79092002868
79065779803
79068849474
79060990214
79097184067
79068845746
79061245009
79092006731
79060992423
79068124269
79062599073
79061967228
79093154415
79065450096
79061388220
79065898640
79060631151
79060987824
79061247151
79061907491
79061350014
79060510716
79065763839
79092676897
79068113714
79061969081
79060995980
79060514552
79061967473
79039430519
79095506550
79050805431
79065898371
79061277673
79061789824
79065449265
79069678832
79061389060
79092003148
79061134001
79065019314
79060992427
79060986599
79068595308
79065136831
79060991162
79061356324
79091075701
79061760724
79068845163
79069936451
79065348294
79065771168
79060993966
79062625086
79092537511
79065200743
79065899500
79061247438
79060594022
79061138015
79097354171
79065203518
79063186858
79060515707
79060988852
79060681409
79065765360
79065440893
79065899246
79065452113
79069172737
79060454145
79065896703
79061476636
79060360400
79069669624
79039451739
79068418458
79061388240
79061244447
79061277659
79061352852
79060987147
79065900830
79061273574
79065443723
79060993927
79060991492
79065449345
79059115089
79093155567
79061907637
79060992741
79061389439
79093155094
79063417766
79065769289
79065203786
79069914915
79061966506
79092836887
79065771010
79092839817
79069664977
79097346174
79062036879
79069069705
79064006050
79069690797
79069178445
79061112051
79050931364
79093154716
79060510300
79060995878
79097162423
79060995518
79056942444
79053881333
79068845626
79053057709
79061356323
79062598478
79061763662
79061245221
79065446028
79065669165
79068427574
79038746030
79065895021
79065765116
79065200956
79061245829
79060596525
79069936548
79061276725
79069669495
79066302304
79092754392
79050028906
79065699522
79054944154
79060990125
79069665834
79060514387
79069936615
79061788408
79064396049
79065900020
79053249735
79060595412
79061135891
79065201976
79065136758
79061356954
79060992188
79060992172
79093154722
79065536803
79065203157
79054953000
79092003238
79060681884
79094001518
79061208538
79065055559
79060681375
79095775005
79061137891
79093155615
79069169841
79065900937
79061388965
79065900279
79061357601
79063199875
79060992569
79068424001
79053873955
79035721037
79065448000
79064544411
79060997831
79037081045
79060996777
79060994770
79060626151
79065055702
79060515047
79061481275
79061969422
79092835839
79060682253
79065202940
79064392397
79060596284
79053865434
79060995957
79061278845
79060990770
79065778096
79065445789
79065052881
79062031060
79060990777
79060593148
79060515801
79069889095
79053874097
79097345027
79069938282
79061388353
79060599916
79065440526
79060513509
79061351114
79063186866
79060988828
79062597258
79060592443
79092005845
79065768048
79060998047
79096782304
79092676919
79065922331
79065768638
79063185533
79061967924
79039913202
79066302153
79097182788
79061132971
79062030018
79060997538
79069949475
79095507091
79065451444
79062610297
79059485821
79063185715
79061357965
79092003596
79061387673
79061279998
79059581457
79061482074
79068998776
79060682078
79061207135
79094436250
79095035545
79066301664
79061206973
79061779648
79065203882
79064598875
79065055505
79092006485
79061244840
79068991316
79060596261
79061338655
79069938450
79060996528
79065901999
79061482035
79060988577
79069690894
79093156216
79065896066
79068846168
79065777565
79069948949
79095042711
79065445349
79069178756
79092834815
79064392778
79060597027
79093812074
79097186193
79060989756
79097162565
79061278292
79065349000
79061461414
79601039993
79060994257
79064395839
79062645534
79061131619
79069671975
79061245001
79093154625
79060597675
79060512889
79061136015
79061278875
79069908999
79061131747
79060996022
79068888841
79060510816
79061329990
79096637433
79033337529
79093164783
79066569419
79061968845
79061136202
79061351143
79093154823
79065052797
79065768873
79069889224
79092503565
79063185417
79065900294
79068844939
79060995219
79605467015
79068997950
79060995974
79069936565
79056884177
79065203910
79060985513
79061969325
79061779728
79065450894
79054956743
79060997187
79065202223
79066303159
79061763784
79060996617
79061789211
79062037138
79097267272
79065203375
79061763529
79061352750
79069665260
79061966469
79061354011
79097183810
79061481304
79036381369
79060510955
79066304540
79064394441
79064393838
79061269283
79061356654
79061245818
79065763482
79061966420
79061764493
79092668920
79069949719
79065348978
79064546660
79051782653
79069671830
79065922856
79097265888
79061356332
79093770648
79061353294
79093160583
79093161375
79065764183
79065879592
79096636209
79066666127
79097345557
79065020152
79064599001
79061247448
79065771099
79092845433
79092533410
79065450930
79062625111
79039935264
79093155321
79065448168
79060678707
79065203644
79061560075
79065054070
79065054813
79092835752
79061246208
79060994157
79093158575
79034223400
79061968301
79064395923
79034223377
79095396719
79069936606
79034476858
79061634692
79060991014
79036407710
79031440834
79060996090
79093154332
79065053790
79060897724
79060985373
79054955297
79092835293
79063360428
79061277863
79065443070
79065448052
79036386888
79061969928
79061246531
79037086450
79061789567
79066303700
79093158557
79064598893
79061389626
79065054984
79065203374
79069677256
79061206900
79065768019
79065349056
79061388697
79065699523
79061244259
79063185317
79060988724
79061353494
79069676287
79065347726
79069671539
79060597165
79066303460
79069914905
79061389525
79601044388
79061779329
79065054648
79061150504
79065777787
79092835559
79097267836
79053237279
79092564546
79060989615
79063184635
79061273003
79061350965
79060993569
79062598126
79063184916
79060594836
79065447953
79066668501
79069912488
79061387795
79058024064
79061387622
79054519446
79065054416
79050089446
79065202780
79092841186
79064392992
79061273110
79063009449
79092536352
79066006064
79060997313
79092100236
79060992900
79054944628
79069915432
79033732532
79061206907
79060997988
79062035644
79065764439
79060593505
79064392348
79097183859
79068846015
79062598945
79069676399
79092536961
79065136310
79069690379
79060679255
79065347860
79068997366
79060990399
79065922603
79039922364
79061244873
79061966421
79069678412
79095028012
79061968439
79062036475
79068882086
79065442340
79065921736
79065446100
79060994336
79036380540
79063184653
79065053559
79061968502
79065899571
79060998019
79065446605
79060990523
79097265006
79061277102
79064392373
79061270110
79065557692
79060997107
79061274251
79062612431
79065451304
79097184083
79061135663
79093957240
79060510773
79061272799
79061357834
79060995862
79068846029
79033770908
79065446837
79061350637
79062208833
79069690612
79064599121
79061132033
79093160521
79069676288
79065444624
79068424946
79060679328
79065055376
79061968591
79069167095
79061788096
79069173799
79093151960
79061240901
79065777531
79068845609
79657791025
79094112350
79065769957
79059480295
79062036676
79068125251
79097266526
79060511678
79060986193
79068595057
79064396138
79069676302
79065765212
79068991066
79060992199
79059301335
79060516457
79064599142
79065025979
79069676409
79061636534
79065900549
79060990009
79061357019
79061779687
79093158567
79068129284
79038665601
79061272707
79069665180
79061461333
79068849560
79053858557
79093160545
79064599312
79097345230
