ctn105
9035815848
9037258563
9037434034
9037982566
9032743061
9035788911
9035970005
9039680809
9031868113
9031707072
9037292166
9035208686
9037588500
9035967820
9035208866
9037297767
9031443886
9036195169
9037700711
9037945554
9037537937
9031449600
9037786786
9055760766
9037889040
9037944950
9031090268
9037530865
9031097997
9037878393
9031249556
9039684555
9037803169
9031498388
9031997725
9031088806
9031111671
9031113385
9037443497
9037527989
9037210690
9035912584
9037295647
9031084516
9031862200
9035909883
9629369435
9036112798
9036161374
9032752055
9660829892
9037894781
9036677241
9688253370
9036288282
9031088807
9057478446
9032287752
9031099291
9035282094
9032830940
9031282366
9031485595
