ctn13
9063185450
9061387430
9061388313
9061388836
9065900598
9092535819
9061137587
9061352122
9092003942
9069691163
9068424453
9065537570
9065203953
9062696395
9061482002
9068991502
9060995195
9065855976
9069690717
9065765300
9062619593
9060990324
9060990081
9097344832
9061351096
9060989391
9066302356
9065879440
9065611263
9093160968
9095836820
9053219652
9065448473
9060996188
9061135439
9068595469
9065055985
9689215130
9063185625
9065452358
9033834899
9095506710
9060985227
9068992416
9097345562
9065879777
9060514526
9062029874
9092876757
9060991267
9062599354
9060993361
9061271585
9061968171
9060510501
9062599565
9065923592
9064547755
9069163061
9065445590
9097185953
9065901889
9060681400
9092258835
9060992433
9065444441
9069889540
9069665163
9061151078
9061778959
9060998313
9061779100
9060617372
9068429330
9061279550
9063360912
9066302510
9065903799
9061112478
9039914911
9065899906
9060995605
9093770551
9065442273
9054956670
9093163991
9065536915
9097266732
9061136523
9060991367
9069169866
9069665059
9060598255
9060990724
9060997261
9065447877
9061389419
9065441451
9061246003
9068882781
9061634998
9039451884
9065901606
9061244159
9060989371
9092401454
9061389538
9050332203
9060681673
9068594894
9061357842
9092676886
9061788807
9060987449
9060988830
9060593624
9054955285
9065775565
9068845336
9068597174
9069671959
9092677158
9061274270
9061907223
9060599594
9064493753
9053856423
9069889772
9065778146
9069911181
9095731180
9092535390
9066802680
9060626074
9065202300
9065901991
9038633017
9061350368
9060597608
9061599099
9065771301
9060994111
9065054530
9093155863
9093156723
9069178949
9069688812
9054955540
9061356639
9065778113
9061267330
9063199910
9034223444
9093775155
9065019673
9060599973
9065923244
9060987583
9061279600
9065019619
9033338700
9061329391
9061352241
9055363806
9069889327
9039143866
9038703514
9065445547
9097267373
9060595480
9065778024
9060592259
9054548389
9061788325
9097264534
9054944617
9060994912
9060512436
9061789323
9092843794
9061353413
9065056073
9060511971
9064395982
9060514029
9065902638
9065200381
9036421662
9060516560
9060510605
9062624934
9093155938
9065453303
9061150456
9060996137
9064396122
9097264445
9061355367
9061274027
9069948922
9060990849
9061273906
9066303148
9036405207
9060592370
9061969114
9061353713
9069948114
9061389215
9061389533
9097162292
9069676787
9068845563
9062581979
9069914874
9065536730
9069889227
9065764073
9093041543
9069691194
9056783396
9060995902
9069911961
9061357292
9061632160
9069068977
9069911294
9061273382
9033008439
9069939073
9060991610
9060990711
9093155583
9068844718
9060987738
9093111394
9065769510
9060997488
9068426639
9097184565
9069934466
9065973209
9062209862
9063186420
9060595174
9065777778
9036429848
9061350698
9061279534
9061270528
9060985091
9069916373
9060681220
9060990709
9039436743
9060993863
9065770436
9061136906
9060988066
9063185416
9061481020
9097354511
9060597530
9061481066
9052012694
9060989774
9039451272
9066305971
9061278389
9061338642
9059572544
9068992708
9061788438
9093154671
9095507672
9060988075
9069911155
9060680076
9094444994
9060511115
9065879690
9066301720
9092834100
9060465412
9061967764
9061387379
9065452937
9060990843
9065203703
9061763866
9068947165
9065054935
9061968662
9061352164
9061789822
9065770904
9061598685
9069936667
9060510347
9060515767
9061764468
9061764657
9056903791
9060987908
9061789773
9039935929
9060599435
9063186357
9061113127
9033834763
9061968149
9061387487
9069660958
9065699393
9033832930
9069948933
9052350792
9060994110
9060991688
9065083731
9060544957
9060988984
9060679287
9061245450
9054539723
9092259284
9061788113
9065129354
9097214767
9053860062
9054953144
9060626049
9065896275
9061779309
9065203316
9060515119
9068983315
9092259507
9061245720
9068114079
9062602496
9069676317
9068844948
9061244067
9093770844
9064395296
9060993717
9059526942
9061387680
9069690459
9063186712
9061136531
9061779209
9060989827
9054544596
9060986619
9068990477
9093160993
9065879692
9064392396
9060991934
9069936740
9093770167
9063199515
9061356113
9069936591
9061388500
9097345815
9056903375
9061354932
9061387456
9061969079
9061338447
9061968094
9039454009
9061246159
9061968828
9065200806
9060989942
9065058255
9065899460
9061271861
9096723730
9062036521
9061279677
9061357437
9060512549
9065202346
9060987920
9061273565
9069878170
9069888256
9069937739
9092533415
9063185768
9061389271
9030291001
9069888158
9065052752
9039917644
9060512839
9054952219
9065779723
9068987002
9065768395
9063185545
9061788385
9060998434
9068845828
9059121340
9060542544
9061388251
9065202273
9061779481
9097266585
9061779283
9092501052
9092676439
9060599992
9061389257
9069676535
9033710576
9097263646
9060574487
9093155055
9063185650
9061789902
9061279636
9060988862
9061969379
9039846843
9069163708
9061136905
9065450435
9061133256
9069660135
9060996846
9061387945
9065442145
9066304500
9065775803
9065771261
9064436464
9060987518
9061969975
9065203103
9061279103
9061789003
9092259268
9061276407
9061357665
9061350203
9065055641
9069665373
9061354221
9065770125
9060513850
9069163669
9061389183
9068991416
9092003104
9065371303
9068847518
9097162376
9039858394
9033337903
9069671862
9093164651
9066301999
9065779946
9092002868
9065779803
9068849474
9060990214
9097184067
9068845746
9061245009
9092006731
9060992423
9068124269
9062599073
9061967228
9093154415
9065450096
9061388220
9065898640
9060631151
9060987824
9061247151
9061907491
9061350014
9060510716
9092676897
9061969081
9060995980
9060514552
9061967473
9039430519
9095506550
9050805431
9065898371
9061277673
9061789824
9065449265
9069678832
9061389060
9092003148
9061134001
9065019314
9060992427
9060986599
9068595308
9065136831
9060991162
9061356324
9091075701
9061760724
9068845163
9069936451
9065348294
9065771168
9060993966
9062625086
9092537511
9065200743
9065899500
9061247438
9060594022
9061138015
9097354171
9063186858
9060515707
9060988852
9060681409
9065765360
9065440893
9065899246
9065452113
9069172737
9060454145
9065896703
9061476636
9060360400
9069669624
9039451739
9068418458
9061388240
9061244447
9061277659
9061352852
9060987147
9065900830
9065443723
9060993927
9060991492
9065449345
9059115089
9093155567
9061907637
9060992741
9061389439
9093155094
9063417766
9065203786
9069914915
9061966506
9092836887
9065771010
9092839817
9069664977
9097346174
9062036879
9069069705
9064006050
9069690797
9069178445
9061112051
9050931364
9093154716
9060510300
9060995878
9097162423
9060995518
9056942444
9053881333
9068845626
9053057709
9061356323
9062598478
9061763662
9061245221
9065446028
9065669165
9068427574
9038746030
9065895021
9065765116
9065200956
9061245829
9060596525
9069936548
9061276725
9069669495
9066302304
9092754392
9050028906
9065699522
9054944154
9060990125
9069665834
9060514387
9069936615
9061788408
9065900020
9053249735
9060595412
9061135891
9065201976
9065136758
9061356954
9060992188
9060992172
9093154722
9065536803
9065203157
9054953000
9092003238
9060681884
9094001518
9061208538
9065055559
9060681375
9095775005
9061137891
9093155615
9065900937
9061388965
9065900279
9061357601
9063199875
9060992569
9068424001
9053873955
9035721037
9065448000
9064544411
9060997831
9037081045
9060996777
9060994770
9060626151
9065055702
9060515047
9061481275
9061969422
9092835839
9060682253
9065202940
9064392397
9060596284
9053865434
9060995957
9061278845
9060990770
9065778096
9065445789
9065052881
9062031060
9060990777
9060593148
9060515801
9069889095
9053874097
9097345027
9069938282
9061388353
9060599916
9065440526
9060513509
9061351114
9063186866
9060988828
9062597258
9060592443
9092005845
9065768048
9060998047
9096782304
9092676919
9065922331
9065768638
9063185533
9061967924
9039913202
9066302153
9097182788
9061132971
9062030018
9060997538
9069949475
9095507091
9065451444
9062610297
9059485821
9063185715
9061357965
9092003596
9061387673
9061279998
9059581457
9061482074
9068998776
9060682078
9061207135
9095035545
9066301664
9061206973
9061779648
9065203882
9064598875
9065055505
9092006485
9061244840
9068991316
9060596261
9061338655
9069938450
9060996528
9065901999
9061482035
9060988577
9069690894
9065896066
9068846168
9065777565
9069948949
9095042711
9065445349
9069178756
9092834815
9064392778
9060597027
9093812074
9097186193
9060989756
9097162565
9061278292
9065349000
9061461414
9601039993
9060994257
9064395839
9062645534
9061131619
9069671975
9061245001
9093154625
9060597675
9060512889
9061136015
9061278875
9069908999
9061131747
9060996022
9068888841
9060510816
9061329990
9096637433
9033337529
9093164783
9066569419
9061968845
9061136202
9061351143
9093154823
9065052797
9065768873
9069889224
9092503565
9063185417
9065900294
9068844939
9060995219
9605467015
9068997950
9060995974
9069936565
9056884177
9065203910
9060985513
9061969325
9061779728
9065450894
9060997187
9065202223
9066303159
9061763784
9060996617
9061789211
9062037138
9097267272
9065203375
9061763529
9061352750
9069665260
9061966469
9061354011
9097183810
9061481304
9036381369
9060510955
9066304540
9064394441
9064393838
9061269283
9061245818
9065763482
9061966420
9061764493
9092668920
9069949719
9065348978
9064546660
9051782653
9069671830
9065922856
9097265888
9061356332
9093770648
9061353294
9093160583
9093161375
9065764183
9065879592
9096636209
9066666127
9097345557
9065020152
9061247448
9065771099
9092845433
9092533410
9065450930
9062625111
9039935264
9093155321
9065448168
9060678707
9065203644
9061560075
9065054070
9065054813
9092835752
9061246208
9060994157
9093158575
9034223400
9061968301
9064395923
9034223377
9095396719
9069936606
9034476858
9061634692
9060991014
9036407710
9031440834
9060996090
9093154332
9065053790
9060897724
9060985373
9054955297
9092835293
9063360428
9061277863
9065443070
9065448052
9036386888
9061246531
9037086450
9061789567
9093158557
9064598893
9061389626
9065054984
9065203374
9069677256
9061206900
9065768019
9065349056
9061388697
9065699523
9061244259
9063185317
9060988724
9061353494
9069676287
9065347726
9069671539
9060597165
9066303460
9069914905
9061389525
9601044388
9061779329
9065054648
9061150504
9065777787
9092835559
9097267836
9053237279
9092564546
9060989615
9063184635
9061273003
9061350965
9060993569
9062598126
9063184916
9060594836
9065447953
9066668501
9069912488
9061387795
9058024064
9061387622
9054519446
9065054416
9050089446
9065202780
9092841186
9064392992
9061273110
9063009449
9092536352
9066006064
9060997313
9092100236
9060992900
9054944628
9069915432
9033732532
9061206907
9060997988
9062035644
9065764439
9060593505
9064392348
9097183859
9068846015
9062598945
9069676399
9092536961
9065136310
9069690379
9060679255
9065347860
9068997366
9060990399
9065922603
9061244873
9061966421
9069678412
9095028012
9061968439
9062036475
9068882086
9065442340
9065921736
9065446100
9060994336
9036380540
9063184653
9065053559
9061968502
9065899571
9060998019
9065446605
9060990523
9061277102
9064392373
9061270110
9065557692
9060997107
9061274251
9062612431
9065451304
9097184083
9061135663
9093957240
9060510773
9061272799
9061357834
9060995862
9068846029
9033770908
9065446837
9061350637
9062208833
9069690612
9064599121
9061132033
9093160521
9069676288
9065444624
9068424946
9060679328
9065055376
9061968591
9069167095
9061788096
9069173799
9093151960
9061240901
9065777531
9068845609
9094112350
9065769957
9059480295
9062036676
9068125251
9097266526
9060511678
9060986193
9068595057
9069676302
9065765212
9068991066
9060992199
9059301335
9060516457
9064599142
9069676409
9061636534
9065900549
9060990009
9061357019
9061779687
9093158567
9068129284
9038665601
9061272707
9069665180
9061461333
9068849560
9053858557
9093160545
9064599312
9097345230
