login
9093476339
9093499801
9053541483
9093480046
9093500857
9093458683
9093536818
9061004282
9093531931
9061004140
9053599803
9093454836
9093466934
9093457337
9093525110
9061002073
9061009001
9053074159
9093472967
9093488341
9093452135
9061002577
9093479199
9050034100
9093534026
9649640002
9033560191
9093510349
9051808297
9093499790
9053569087
9610460083
9033511768
9053561746
9093453639
9093504396
9033521537
9093535115
9053508229
9053564566
9053093102
9093537853
9033519423
9061009061
9603804117
9093452622
9093452001
9093508573
9061051234
9033566885
9093461029
9061069693
9033128934
9093490980
9093521179
9093498546
9093529260
9093503807
9093458606
9053507181
9051806065
9093474964
9093470324
9093480566
