login_sub_auth
9677655556
9612163442
9625588583
9054551630
9061662716
9033763327
9033864015
9656881301
9033723428
9650059214
9039213856
9617111233
9068834518
9609438862
9626953582
9659160383
9613441894
9612100230
9063809212
9033363475
9610714029
9629175354
9110863590
9638030777
9600251151
9621126400
9602492263
9624472771
9054104429
9064400493
9624381829
9034401439
9064934733
9063478723
9656505111
9638020719
9628154329
9600894855
9098766941
9062879370
9062983699
9644306602
9061356578
9642753009
9061447287
9616998138
9603171398
9644568538
9063927684
9656802293
9093751462
9655089732
9616771153
9608735648
9033845818
9659152809
9095794271
9659954394
9052170410
9954030304
9052664978
9657327143
9633630676
9069385910
9609122052
9609303413
9604722854
9062361915
9676394495
9655890127
9648861619
9052624409
9630410347
9069889666
9604783931
9069272270
9069708600
9062474640
9644090100
9626299784
9616750263
9674174577
9608788596
9610589652
9033235447
9052488818
9064096220
9659287743
9064746001
9610833804
9635379618
9676551145
9062470053
9053304054
9633650035
9633602307
9068774859
9628048450
9655108978
9053680982
9648781950
9094265009
9687378520
9658531277
9059216758
9053831603
9627258149
9095579563
9616077710
9624467004
9061722561
9622586679
9658830421
9656511700
9630421213
9021965150
9145460979
9604638917
9648559279
9831307139
9676691815
9278339653
9097571688
9627189989
9054506821
9642201726
9603700225
9608537648
9608545606
9615808000
9050763927
9134396526
9992271705
9053351245
9612048845
9500376111
9608421220
9091163463
9642669918
9604850495
9603631731
9095182149
9058899382
9617175429
9638902002
9620423658
9062818261
9616619307
9030460868
9634804151
9620015141
9649196870
9052535686
9059364228
9062954443
9626680109
9609091781
9063382665
9600622676
9610653387
9061263193
9626316767
9660843972
9033485543
9054885500
9030768308
9061805617
9063352877
9059851920
9095392623
9034300488
9608898329
9050717168
9603306274
9060331019
9600655321
9649065562
9063037940
9059615278
9068979187
9031477954
9603393555
9633245819
9098104164
9058412844
9068380946
9614013223
9650323050
9042227467
9624996628
9090618733
9094331460
9624401326
9069755761
9645140628
9608967280
9618161564
9039826181
9098120784
9061457617
9068665691
9686204579
9600175687
9616415535
9608551827
9627217292
9604250333
9643872667
9618580981
9633655778
9682765677
9062848764
9095846600
9372304372
9622641909
9090008484
9603111073
9052172836
9633443076
9658919651
9609867084
9656094504
9091224153
9649493593
9095036757
9631196674
9632728731
9600208974
9063068606
9030790483
9068705948
9620019486
9667569468
9632621903
9069872660
9600076556
9657671001
9624404511
9064220564
9656009885
9650166015
9608471794
9649243122
9619646424
9619485486
9089618280
9624906313
9619846161
9656869964
9675111004
9608998654
9093657465
9061150250
9616460914
9656239027
9521113554
9030946688
9648495548
9094589223
9676731061
9649367096
9094638989
9637900144
9063842438
9640533358
9602646245
9612228800
9642012436
9062182848
9616629319
9637909167
9655977574
9641183932
9050812876
9655777801
9625024915
9612055030
9642926492
9609276631
9610689285
9602519685
9062281578
9642231868
9620173668
9658141030
9886046912
9615811255
9602969740
9375218784
9057898914
9090163135
9033288622
9603662132
9613448183
9633521870
9059039669
9600036540
9608710713
9676068846
9063027887
9093787814
9039852051
9657906400
9245205510
9053204742
9649865564
9607830571
9050604162
9607978519
9618025101
9619081917
9622610203
9052603886
9632005985
9602338728
9052883517
9094406100
9659041490
9626290607
9635069039
9616712925
9531020638
9059338730
9523089305
9626880230
9069207735
9621129943
9069801472
9637353514
9039029956
9378855580
9213389015
9053447394
9219784688
9030452544
9069441983
9098367887
9064005401
9658732188
9052858712
9600598703
9034666990
9610851558
9069003277
9618298593
9603495319
9094384506
9052879080
9068517084
9063119760
9059133531
9068290484
9615150902
9618909471
9602337986
9616659031
9630057889
9619995553
9098704519
9034951632
9608939170
9609423427
9610726567
9626730402
9602485904
9619573043
9628611308
9643808819
9674864348
9096015672
9621086150
9050258820
9627015069
9093886104
9634190004
9643257679
9608787514
9034422532
9686604585
9614087699
9654517445
9052859555
9603461763
9647334026
9646531262
9064555847
9625526280
9612027418
9688585402
9625734601
9633404585
9095785355
9612264615
9603560356
9609674241
9648699328
9061773400
9059194189
9061959570
9635225830
9033771237
9097771873
9094679319
9628713840
9682744816
9640350878
9614909394
9624606015
9614226105
9675615570
9064174094
9650009914
9649262444
9643004439
9064511427
9052670582
9091765424
9696546909
9053648190
9644818353
9033750699
9616459888
9643975985
9624422623
9632973228
9516488541
9097991474
9644221295
9643246454
9618588077
9245759000
9648947450
9656553745
9054903932
9093587353
9648659365
9051841172
9231000215
9624031307
9046250536
9093049545
9650209856
9064581639
9622154485
9675624726
9613029322
9620110123
9630120608
9603207131
9609725085
9604688728
9097737963
9624412382
9050352531
9034677961
9061796443
9600031677
9090778179
9093557698
9603691570
9616121737
9098708797
9116797499
9818564483
9603738298
9642907846
9614992194
9179680477
9047610401
9527378497
9089161125
9069739492
9600881373
9610905454
9612176100
9603537615
9638710929
9610649541
9609099377
9034312047
9054827405
9604818073
9033458489
9656833063
9632449951
9600149419
9519431036
9039315240
9213261701
9199859889
9678231919
9614563656
9095991781
9039014851
9615162086
9093128686
9616992031
9613384458
9622206660
9604636929
9094141514
9654782587
9313813224
9650945742
9676576968
9059181735
9084342185
9600053082
9626603254
9094566612
9030830058
9033858608
9615030959
9030655444
9678512157
9059876895
9216416011
9600087051
9050950263
9607817021
9095819134
9539290882
9617693363
9658844545
9039160797
9052566746
9033485536
9068260675
9635799487
9872823877
9090885588
9053885791
9050819477
9600435302
9630297112
9609700996
9604018173
9609304020
9053986148
9095552984
9609215476
9051831433
9630984040
9667419727
9093790385
9603007686
9618610891
9622227877
9619674118
9098914524
9627985866
9054765347
9676660604
9615810873
9062525898
9616847146
9609290909
9658888866
9097506858
9624950283
9097978681
9624408755
9650735180
9614150455
9686899163
9628088548
9647911142
9062876149
9600023103
9604624090
9633646450
9626510681
9642627822
9643061618
9610580624
9620487658
9642906250
9640667966
9054339247
9658994414
9623367733
9659741826
9039098330
9673005669
9608620199
9640748644
9052528217
9681144600
9064309083
9654507282
9614121011
9612179844
9626104261
9658495633
9629908063
9677900589
9090518475
9631871969
9644308374
9639802348
9634131100
9617261715
9632396209
9674130483
9054157988
9600959280
9610540607
9093644180
9618849238
9655454650
9062986145
9600598669
9050649361
9095010566
9098818508
9050747219
9618366479
9642929527
9644569362
9607862234
9615937327
9062467884
9093739776
9089999281
9218869043
9030921231
9532265496
9603232671
9677949187
9059002238
9650111287
9602207147
9648844800
9613762446
9093866162
9532219054
9095100028
9628437783
9675726634
9604271429
9061140807
9635806997
9068762257
9633409800
9659130990
9137716271
9613434014
9025550556
9096037262
9610452393
9634647350
9654516058
9617184591
9632400966
9064185566
9063208221
9620705612
9124856176
9682872725
9637347434
9098541248
9637022082
9614452244
9633131659
9631296766
9093044526
9091142516
9094013075
9644482831
9288839938
9053717730
9500250639
9677745152
9216451125
9098591238
9241065049
9626769561
9681073004
9231428410
9610697936
9615917052
9034444566
9061600820
9677266900
9054034259
9034547420
9064427428
9289701741
9034040095
9052884698
9062528425
9090509628
9642973050
9618205696
9063359221
9608640871
9630556675
9675972188
9608517240
9667855885
9613458944
9617299994
9620055011
9095070207
9052883264
9033321212
9094494933
9053148299
9095383001
9050676930
9091771208
9059119806
9094134547
9063415063
9053269597
9649992100
9521365976
9612780703
9667559516
9059996624
9052946949
9052719544
9059135182
9093672651
9039556126
9033718566
9626211690
9615365061
9095525096
9627856181
9657382956
9624577707
9058418480
9061160192
9619695996
9052335736
9058815236
9630342080
9058967311
9626968194
9628436043
9621515454
9053010458
9600225783
9052073175
9614582547
9620042153
9617691066
9097709935
9054162682
9632920574
9631613220
9062918528
9097616939
9646829885
9610722855
9095325376
9657367855
9648463138
9052250325
9626727425
9069122126
9656319895
9625706564
9625718361
9603034545
9602031040
9636728554
9600824628
9642125293
9627208513
9642379277
9096091170
9617212775
9618718104
9095408088
9618647764
9053470887
9624333154
9059505335
9069937551
9050628992
9609627079
9620478778
9058385471
9639126463
9640146752
9604304571
9039477917
9682626247
9064123995
9657778501
9095703414
9624710016
9650605276
9633186422
9620366330
9667889129
9094666041
9616592591
9659079755
9617170390
9648728446
9608843820
9622598826
9648682770
9616483419
9064773799
9618193331
9610826539
9616890803
9603095656
9625687006
9616496736
9615091856
9609184874
9532274407
9020769635
9630137972
9062863545
9615386803
9609096797
9624461335
9673207642
9603239010
9657631508
9054799347
9633444431
9650445444
9093878756
9054971640
9034665370
9273806034
9054839297
9510633106
9686374182
9094022566
9618031027
9523236652
9604710008
9654663964
9069615253
9091033677
9039034579
9095967267
9643321570
9095342106
9620654188
9052074927
9115521098
9614946069
9607977993
9610786884
9053929565
9841747012
9618838312
9617126446
9655945060
9604893995
9097381331
9021220587
9648963755
9061737757
9658924029
9633844222
9626702577
9091164668
9063392956
9682680629
9609133220
9608276831
9033053820
9141641020
9312563705
9634603646
9185480974
9630548822
9098519879
9064200673
9059425004
9523089177
9616546854
9656072997
9289574246
9656954930
9677643801
9198090825
9633008546
9097737230
9600150617
9613868288
9628050001
9630126415
9053226671
9602399694
9649794461
9378059199
9626247449
9064366407
9053249457
9069912323
9061658556
9502052364
9033532332
9637340774
9094489892
9094309143
9033711453
9094417986
9059126812
9612694243
9609055860
9063404805
9053185394
9676254432
9052568592
9609722436
9609302938
9603464520
9030801127
9095139849
9034642787
9635290432
9034379613
9638013834
9626208550
9054504669
9600601994
9217999476
9034679272
9098714141
9039947025
9063257527
9628785549
9050773443
9632621739
9628722162
9674759541
9614990140
9059943660
9617485616
9603766833
9054218935
9631330593
9621531111
9637354185
9069495096
9052823072
9054648976
9623980113
9675056992
9682775464
9053178456
9063801209
9617928170
9624045687
9608716646
9610802421
9625508738
9646851162
9635760144
9088672483
9648415035
9631652877
9052097457
9650397079
9039990454
9095472559
9063803395
9615330431
9054010933
9630827677
9033497504
9625659520
9646930906
9626771362
9617187058
9626755455
9097516504
9033747565
9053985335
9053624909
9655668258
9628134126
9054441605
9604567796
9093860925
9603019212
9650321935
9656224859
9610740969
9510250222
9643085442
9084406322
9090725308
9030047609
9618976782
9034509285
9609010970
9061653761
9062861965
9039191144
9062567639
9625923711
9608716240
9061744166
9069322140
9027104898
9633733156
9613742229
9376184229
9600511893
9653292617
9617008727
9061655636
9673180282
9062608115
9095602675
9236030661
9650380097
9061173406
9639554563
9536067088
9098003065
9626125615
9052514106
9603523310
9618031844
9609828677
9648550064
9059267924
9313016091
9675047064
9649962384
9616435814
9675995223
9093340565
9616511981
9379818774
9064577057
9659738867
9033756993
9119708826
9508478737
9617763408
9068214268
9034787007
9604455540
9624095025
9061350965
9626293459
9035108723
9657641197
9094339786
9222167776
9282271457
9615106173
9097999293
9039157155
9626658988
9603514944
9889490247
9094506498
9618021633
9649694276
9627048008
9191515455
9034373061
9033158914
9058926863
9378075507
9094518495
9069225985
9058210475
9642781124
9215832777
9604734808
9063903849
9033366012
9608834777
9657604210
9094629342
9094191205
9649313844
9098301181
9626267134
9033712873
9615029859
9603334287
9064105914
9625607930
9608562858
9616469405
9050885991
9061204536
9673406158
9674884403
9616757373
9034703546
9069811027
9091151751
9062091526
9069488484
9649665014
9635061480
9058571433
9608593081
9059453415
9656322033
9602673997
9064520675
9063466636
9050830558
9098912211
9059818455
9098846540
9635541709
9607972799
9622645139
9602420087
9059417099
9094648484
9608688838
9638430716
9619353594
9053246531
9061109787
9655065742
9052132018
9688737289
9614422999
9064743174
9620040078
9624357681
9614870932
9624010228
9062280550
9675730434
9667778020
9033750310
9093406568
9627237262
9069443551
9604898489
9603425200
9633539059
9683993786
9050630693
9626701336
9618522354
9658398212
9673307407
9069881804
9628156120
9648272135
9678678877
9676468107
9648563940
9600714247
9091059158
9617309472
9644439237
9635990205
9632911452
9063925896
9627246334
9686155680
9638899313
9094279880
9626617030
9050332004
9053023272
9034026327
9093555804
9620802992
9677413530
9673407057
9602318565
9033987298
9062333138
9033396733
9053827440
9618075039
9025572187
9053320369
9089679967
9084449091
9682871187
9600836739
9058633383
9674083336
9095618066
9674454589
9616086021
9600417841
9609981463
9655289396
9624909427
9635080407
9658128044
9063090835
9053886689
9021110306
9628660722
9624905262
9617301944
9094474056
9053861040
9613335323
9648739459
9280005838
9644188249
9033021975
9616952008
9089794949
9052284326
9634401579
9053861720
9610666929
9095021556
9603547370
9069825680
9061740496
9641063815
9097379501
9039065749
9602452205
9632774906
9644387780
9090104871
9622861427
9532662324
9619634227
9232825986
9613760055
9643008033
9625490559
9626963328
9033297838
9054717209
9064043807
9624008717
9654984103
9271481989
9640087608
9068775855
9615811935
9647459105
9643634754
9059062503
9602036246
9648555433
9053161004
9643853237
9673051315
9059645421
9655324228
9617272740
9089624619
9880808687
9059412023
9034154284
9093342287
9034701249
9219449805
9602170675
9523065816
9650225099
9091115372
9528248484
9097350559
9039461135
9600732492
9035068715
9643758275
9095813546
9633542637
9610828860
9600191280
9069253795
9033242898
9655884337
9609506554
9600085711
9600302223
9619660111
9094633040
9600708514
9054528876
9617715915
9063856385
9063893211
9033293486
9630535764
9033757449
9656887638
9039372187
9054030133
9604302177
9615392969
9674427544
9034342607
9033411988
9069266596
9054551932
9063256393
9613128274
9655670685
9631821314
9054850381
9631993658
9061403419
9650569706
9034780712
9061188041
9058499977
9063076575
9098315884
9034682770
9648481001
9059442035
9053958199
9059835831
9638000304
9630410653
9624095782
9635229777
9096014317
9090611651
9068219945
9609089271
9033578608
9624964727
9614714985
9610868877
9624380188
9034090036
9054688515
9093865099
9610626715
9609163350
9600620518
9654631474
9602900693
9093005699
9642813083
9050195734
9604693317
9658888445
9053393204
9615881431
9618903999
9064289713
9628555753
9613531561
9646546341
9648276168
9624010696
9063064061
9673458484
9639118535
9624490812
9630459195
9069368607
9635219898
9172927745
9095473754
9649970252
9642889424
9652452530
9069822081
9039407294
9646776502
9614623398
9063964680
9603239567
9517900968
9094844669
9620555988
9054467535
9052026635
9657422066
9625924055
9093263205
9677335078
9184036202
9063956197
9652725785
9628526235
9624363479
9627902900
9622933182
9633146153
9034472201
9607944054
9053386449
9059508558
9033323933
9619401764
9660736588
9643834637
9516758554
9633284765
9278737744
9633083150
9030209328
9609091542
9039482960
9631170072
9618728063
9091088442
9096032112
9656352884
9095967776
9133260030
9609605154
9616953679
9052021221
9676305384
9625778949
9034027177
9270550717
9648885278
9618540502
9061523697
9298364289
9615008228
9634542568
9630045916
9052765765
9616677570
9630066486
9216366748
9030238585
9620702428
9609889398
9649987102
9050368533
9060314148
9610846117
9090147629
9658838535
9648988802
9063833785
9677740364
9648812413
9600107641
9658890408
9675950370
9054747131
9608767565
9654775373
9033675996
9631641544
9626593688
9920080204
9535037887
9095951194
9674225383
9617527698
9093344104
9600070077
9624020848
