login_sub_sys
9620841125
9677655556
9033277488
9603554650
9608855786
9612163442
9659847395
9625588583
9054551630
9061662716
9033763327
9053818942
9620704384
9033864015
9656881301
9674404930
9033723428
9091908162
9091947068
9650059214
9039213856
9617111233
9068834518
9609438862
9626953582
9610531641
9236733845
9061453356
9659160383
9613441894
9612100230
9063809212
9033363475
9648854467
9633034843
9610714029
9090638544
9098562227
9034754127
9629175354
9034049473
9110863590
9039926215
9098587959
9638030777
9054109885
9612908541
9602372828
9603245111
9620073448
9600251151
9631467279
9621126400
9673378088
9093131498
9602492263
9624472771
9615165856
9054104429
9064400493
9624381829
9034401439
9064934733
9632984029
9063478723
9656505111
9638020719
9628154329
9600894855
9098766941
9603249241
9062879370
9061496032
9053907759
9062983699
9644306602
9053392246
9061356578
9642753009
9609909021
9609716208
9098040875
9061447287
9616998138
9619081342
9603171398
9644568538
9625484009
9063927684
9619372647
9656802293
9093751462
9655089732
9616771153
9632561520
9628120938
9609892341
9064315766
9608735648
9061683108
9033845818
9659152809
9871583270
9648470403
9095794271
9061426166
9659954394
9677943517
9052170410
9954030304
9054621884
9617772053
9641109537
9613307603
9052664978
9090955040
9033437509
9095641637
9657327143
9633630676
9090982077
9069385910
9609122052
9613333609
9609303413
9604722854
9062361915
9676394495
9681721582
9655890127
9600895144
9600746338
9648861619
9648866525
9098960764
9604247939
9090081422
9052624409
9094219202
9630410347
9626608945
9696515090
9069889666
9604783931
9069272270
9059646611
9631283625
9610795611
9055745732
9094426929
9069708600
9061161088
9062474640
9063334940
9620090110
9039960790
9532294660
9532297864
9532109571
9089637064
9084404577
9675084133
9644090100
9626299784
9638964439
9625974515
9624024762
9612962121
9094233470
9643931362
9616750263
9674174577
9608788596
9613988278
9610589652
9648699757
9033235447
9097706713
9054248792
9052488818
9064096220
9657551786
9626769670
9632825988
9616726797
9659287743
9064746001
9617262381
9610833804
9635379618
9676551145
9062470053
9602671803
9053304054
9633650035
9633602307
9068774859
9628048450
9626990673
9655108978
9053680982
9648781950
9098543119
9094265009
9609889873
9687378520
9658531277
9059216758
9053831603
9627505142
9627258149
9059097927
9090849452
9061830221
9020592093
9095579563
9602763862
9616077710
9050604938
9064404776
9617771879
9061506747
9624467004
9658850638
9675012516
9061722561
9622586679
9658830421
9624453983
9506605795
9650797850
9656511700
9650320370
9620446960
9650060540
9658840083
9090063220
9059160140
9618824667
9090076506
9630421213
9628468768
9050605012
9095944860
9098536546
9379815039
9626514825
9021965150
9829009944
9059016516
9675904681
9053996167
9059945746
9636797465
9243075115
9657645541
9062154111
9659762195
9618848481
9145460979
9674856031
9062129875
9532424499
9058025712
9094219810
9604638917
9242194241
9649020625
9618551613
9198832719
9090646343
9648559279
9831307139
9604576218
9182901566
9617763612
9676691815
9676343636
9617772034
9061238394
9609060516
9090060983
9677682649
9278339653
9895188010
9658893926
9059919998
9054978923
9097571688
9063930254
9627189989
9054025895
9054506821
9880109968
9143130480
9033006186
9602932384
9657634577
9062850977
9617771819
9642201726
9655804698
9632532561
9603700225
9673028421
9626896821
9095871296
9655500775
9608537648
9602860627
9617771792
9181632610
9608545606
9274650174
9094231351
9090917143
9090063458
9612167189
9617771980
9617771891
9609263219
9676091716
9615808000
9110380097
9050763927
9616842686
9648972377
9620704236
9620763887
9275782085
9089759544
9286253636
9607622688
9134396526
9602918917
9616709396
9609264716
9992271705
9620794541
9095871242
9657648136
9053636324
9061426165
9625973115
9600199256
9053351245
9097216607
9621195772
9602229574
9054326358
9292904342
9617120872
9213170281
9819655587
9090076075
9627011308
9617018822
9612048845
9639575834
9604575891
9604575691
9604575969
9178368129
9621195778
9270618289
9062860262
9500376111
9523017870
9608585371
9608421220
9639469622
9091163463
9697297024
9627180121
9093342802
9084445708
9642669918
9677746233
9085495207
9179870356
9604850495
9643032075
9655666249
9617460359
9095941567
9050763829
9617271893
9615879911
9095146091
9620754963
9603631731
9093319003
9630589271
9616882786
9050754768
9059111791
9648550062
9654771389
9677702732
9063403977
9095182149
9617771927
9058899382
9659092289
9617771930
9069806409
9641004512
9532297305
9039349155
9674600578
9617175429
9098780367
9607622535
9658836147
9617554552
9641081969
9039349248
9648939515
9638902002
9069864552
9620755263
9602577704
9620828426
9620423658
9062124026
9627143734
9617771965
9623865687
9093329161
9600189848
9658850757
9053238080
9617771896
9617554586
9090063480
9062818261
9616619307
9030460868
9131350129
9098045327
9634804151
9612200252
9082492414
9620015141
9608085793
9649196870
9052535686
9050763977
9617771962
9620705249
9098071470
9617306387
9678080566
9059364228
9617760416
9658265627
9634990535
9062954443
9626680109
9609091781
9620651301
9063382665
9093395114
9614264510
9600622676
9610653387
9618487458
9677024692
9061263193
9626316767
9660843972
9059644144
9610880082
9033485543
9054885500
9030768308
9094345565
9061805617
9093788485
9658218522
9609087075
9963316351
9063352877
9059851920
9095392623
9610691740
9636797483
9034300488
9608898329
9050717168
9603306274
9058531657
9060331019
9093074069
9600655321
9061580260
9649065562
9063037940
9059615278
9068979187
9625529644
9031477954
9603393555
9633245819
9630082328
9650180096
9620742337
9098104164
9675993090
9603936612
9058138320
9058412844
9058991727
9059136590
9068380946
9643696168
9614013223
9649916391
9637914725
9650323050
9042227467
9054737848
9614032041
9624996628
9097448689
9090618733
9094331460
9655666304
9624401326
9097899284
9069755761
9645140628
9051996093
9608967280
9618161564
9613686720
9039826181
9616555997
9098120784
9061457617
9068665691
9686204579
9600175687
9610807166
9616415535
9608551827
9627217292
9604250333
9643872667
9631618913
9622984393
9050267834
9618580981
9633655778
9648098153
9625607073
9674675150
9682765677
9609899562
9617211452
9091268831
9062848764
9617980629
9095846600
9631289426
9676324930
9034724787
9372304372
9622641909
9643123369
9090008484
9682463686
9603111073
9052172836
9054277685
9622559777
9633443076
9650004138
9658919651
9609867084
9697178287
9656094504
9091224153
9649493593
9644278582
9095036757
9631196674
9633831267
9632728731
9623865426
9650075436
9617892337
9097656910
9655522482
9632786142
9600208974
9063068606
9030790483
9659593777
9068705948
9620019486
9667569468
9632621903
9069872660
9628127203
9095924019
9644812114
9646562369
9613442063
9602668317
9621520525
9600076556
9657646229
9622616269
9657671001
9624404511
9064220564
9656009885
9650166015
9602426113
9608471794
9600334673
9649243122
9619646424
9684110987
9613971740
9054071412
9619485486
9634021816
9089618280
9634166763
9624906313
9619846161
9642202095
9084454520
9089737707
9650348894
9609595398
9084453180
9620704199
9649388309
9610585752
9656869964
9532331730
9675111004
9213956897
9608998654
9093657465
9061150250
9616460914
9622539588
9656239027
9659286232
9096166394
9521113554
9030946688
9603334612
9648495548
9094589223
9676731061
9657637307
9614730707
9649350343
9649367096
9612428840
9375333344
9673345443
9692869687
9094638989
9646935027
9678789997
9692862043
9637900144
9673327272
9630382505
9662745057
9655083834
9063842438
9057080179
9089746649
9640533358
9604663221
9062442540
9602646245
9612228800
9648900843
9642012436
9610781128
9062182848
9626958152
9616629319
9033867899
9637909167
9655977574
9641183932
9644765095
9085513402
9050812876
9655777801
9650439355
9642165208
9609254918
9625024915
9612055030
9069153322
9617771782
9642926492
9621129887
9609276631
9610689285
9617771850
9062929128
9062701506
9379742472
9655519131
9064404226
9625482318
9655519145
9061778946
9608647122
9618824653
9372776640
9609883808
9602519685
9617770557
9682637327
9600100397
9062281578
9642231868
9283442663
9054819280
9333355926
9676158638
9667557050
9620173668
9677943468
9658141030
9053249410
9873122032
9095139760
9873846012
9886046912
9603786165
9648895761
9657644964
9617771871
9053220332
9617824146
9630249786
9615811255
9602969740
9600018951
9628624056
9186918328
9622686524
9375218784
9057898914
9090163135
9033288622
9626610359
9614032051
9642796398
9061390340
9603662132
9613448183
9626129278
9628877543
9633521870
9059039669
9603670729
9658808462
9618558473
9600036540
9090063427
9061442284
9098416611
9631156168
9648980474
9656009650
9604831015
9041675381
9094657910
9608710713
9613168544
9626769514
9098524158
9054743037
9676068846
9609990859
9044098139
9617772890
9281674441
9063027887
9093787814
9657643424
9069816310
9061162514
9095884310
9655667372
9312218204
9039852051
9632344552
9641076155
9879781572
9632472468
9657906400
9245205510
9617771812
9622876870
9050178607
9053204742
9061405658
9039135161
9022955446
9649865564
9607830571
9614802800
9050604162
9648978495
9607978519
9618025101
9062265735
9612837465
9619081917
9378008597
9052624200
9657645215
9095321605
9063121890
9622610203
9675994581
9069864391
9052603886
9632005985
9602338728
9033421880
9697152530
9663693410
9620705194
9069794270
9052883517
9090059295
9609264972
9069279925
9090059080
9094406100
9062343660
9677656369
9641991551
9628215855
9052080935
9030467252
9093631100
9052080959
9659041490
9612186410
9626290607
9635069039
9616712925
9098620747
9626643512
9531020638
9059338730
9523089305
9626880230
9617771912
9069207735
9674830068
9621129943
9641004521
9674644476
9033297385
9069801472
9637353514
9619089852
9697152520
9039029956
9378855580
9617771894
9213389015
9053447394
9617771863
9050684471
9617460372
9219784688
9030452544
9644120800
9039135210
9617267232
9678059990
9609718806
9069441983
9098367887
9064005401
9617270291
9658732188
9099510746
9052858712
9600598703
9034666990
9610851558
9069003277
9618298593
9035126400
9603495319
9094384506
9052879080
9068517084
9063119760
9692865793
9059133531
9608826679
9050838085
9648638121
9059097535
9034103880
9068290484
9096305807
9615150902
9614289944
9618909471
9602337986
9616659031
9630057889
9626790808
9619995553
9098704519
9034951632
9608939170
9609423427
9098217698
9610726567
9621505848
9626730402
9602485904
9678651013
9619573043
9628611308
9643808819
9674864348
9615970857
9619762255
9616650376
9058000097
9095781635
9096015672
9621287969
9621086150
9068755457
9050258820
9064713991
9627015069
9093886104
9634190004
9643257679
9608787514
9034422532
9686604585
9638184503
9642976872
9614498517
9638053176
9624507121
9603465588
9614087699
9633750003
9602763950
9654517445
9052859555
9030627007
9603461763
9050216077
9616616435
9647334026
9646531262
9062812785
9064555847
9625526280
9612027418
9616515627
9638085808
9604891239
9625876394
9613461403
9093340067
9062867782
9688585402
9624004272
9624273383
9097726245
9063828844
9625734601
9633404585
9095785355
9612264615
9616104641
9603560356
9634021887
9609674241
9050635770
9648699328
9061773400
9679555565
9059194189
9034078907
9061959570
9098440636
9052742453
9635225830
9098205322
9062804407
9033771237
9097771873
9644568862
9094679319
9628713840
9682744816
9097530047
9625892609
9640350878
9123945075
9614909394
9095853975
9676559133
9090918895
9621288074
9608662474
9624606015
9614226105
9064095440
9034240500
9603759290
9610803917
9676589158
9675615570
9608231599
9050785881
9062170063
9630162550
9603096656
9064545451
9064174094
9650009914
9050628865
9649262444
9643004439
9064511427
9052670582
9633795878
9633558221
9628785813
9091765424
9053632407
9682735438
9054163603
9696546909
9053648190
9644818353
9614428823
9033750699
9616459888
9609207433
9643975985
9667017823
9624422623
9632973228
9516488541
9634277813
9097991474
9644221295
9643246454
9681815009
9618588077
9094233963
9063181151
9617774494
9245759000
9642487405
9648947450
9656553745
9054903932
9638724184
9600344546
9091106991
9093587353
9648659365
9631201042
9051841172
9698071553
9093942280
9231000215
9624031307
9600551336
9034896129
9046250536
9093049545
9639439565
9650209856
9064581639
9622154485
9675624726
9613029322
9641075260
9631216994
9620110123
9650803377
9630120608
9603207131
9609725085
9052067232
9093338385
9604688728
9617771626
9097737963
9054210394
9641297419
9609082464
9624412382
9617771788
9094221778
9617771821
9043820935
9651260144
9625985421
9172115647
9644246318
9050352531
9034677961
9243103090
9620764034
9827052555
9614535216
9061796443
9622233103
9614622050
9607622502
9270205475
9050337517
9090061302
9048918158
9600031677
9090778179
9674600415
9603703259
9640058815
9638828499
9093557698
9042422093
9609096470
9603691570
9082421270
9095853420
9616121737
9098708797
9084866151
9050335897
9674675036
9116797499
9818564483
9648979273
9281911834
9090081502
9093276499
9603738298
9642907846
9046256447
9614992194
9619810599
9179680477
9062381959
9649049377
9047610401
9626749467
9527378497
9633479281
9618017997
9091023281
9089161125
9091217204
9667405294
9617548198
9673027560
9181204730
9655522078
9069739492
9673028193
9375333167
9600881373
9602825470
9631162532
9617772028
9610905454
9612176100
9603537615
9638710929
9610649541
9609099377
9617772008
9034312047
9095874637
9181444714
9054827405
9271470259
9604818073
9625973112
9646615470
9033458489
9639469567
9621288079
9656833063
9632449951
9697151287
9093276497
9617771803
9635678565
9675994635
9617480395
9600149419
9617771807
9633133108
9641076254
9198229038
9095174146
9519431036
9642939886
9675996140
9091337659
9098070805
9093340344
9620792308
9283478759
9039315240
9213261701
9068270161
9199859889
9633123209
9096115456
9621195773
9640617238
9656262464
9064404793
9678231919
9614563656
9090062607
9271106222
9617271373
9181315517
9090233867
9061430030
9095991781
9039014851
9615162086
9607987308
9095874870
9621195768
9657635040
9021984556
9954166747
9095871255
9093128686
9600199340
9648816760
9233326603
9095874819
9095140631
9097217945
9641007641
9182184083
9039426709
9627780961
9604299401
9626935503
9183009220
9284553898
9650093659
9616992031
9616427597
9613384458
9059557090
9622206660
9604636929
9094141514
9050766204
9654782587
9658836121
9609260207
9677656392
9617270014
9095991603
9313813224
9600047553
9884027613
9650945742
9176003788
9628216007
9621140656
9675994045
9608396561
9676576968
9111775911
9090981353
9628215899
9059181735
9621129989
9084342185
9600053082
9620705208
9621195799
9833127819
9639131877
9186084007
9626603254
9090060207
9094566612
9030830058
9033858608
9615030959
9030655444
9050790102
9678512157
9617773463
9091151109
9039135574
9059876895
9090979055
9090063239
9095991391
9058779609
9617771970
9039134355
9622610900
9216416011
9600087051
9631628390
9033858456
9090160752
9050950263
9607817021
9095819134
9069391408
9539290882
9039154342
9617693363
9093277211
9658844545
9053119573
9659122928
9039160797
9052566746
9033485536
9068260675
9635799487
9872823877
9090885588
9059638320
9093214225
9053600987
9053885791
9068042470
9050819477
9600435302
9630297112
9050653830
9095991883
9609700996
9059896303
9604018173
9050242499
9609304020
9094740138
9638064214
9053986148
9095552984
9609215476
9051831433
9630984040
9667419727
9093790385
9603007686
9050955083
9618610891
9622227877
9627945676
9619674118
9098914524
9627985866
9679399773
9051824153
9054765347
9676660604
9091049829
9619514740
9615810873
9062525898
9616847146
9609290909
9658888866
9054640058
9646812692
9097506858
9682735651
9624950283
9097978681
9054456470
9624408755
9620194948
9062013341
9650735180
9614150455
9686899163
9628088548
9291652645
9064613588
9647911142
9062876149
9600023103
9274383570
9604624090
9633646450
9616869504
9626510681
9039007605
9642627822
9643061618
9610580624
9616521624
9064870050
9620487658
9642906250
9628889975
9640667966
9039300124
9054339247
9658994414
9623367733
9608560796
9659741826
9675992149
9039098330
9673005669
9616682568
9608620199
9640748644
9050343542
9696544331
9655195026
9052528217
9681144600
9064309083
9603580128
9654507282
9609527858
9614121011
9612179844
9094458004
9626104261
9182213249
9658495633
9629908063
9677900589
9090518475
9631871969
9633480233
9603215529
9644308374
9093636280
9639802348
9634131100
9617261715
9628336839
9632396209
9069377070
9674130483
9650419868
9054157988
9061326787
9655030415
9600959280
9608774003
9610540607
9093644180
9618849238
9034893945
9655454650
9062986145
9600598669
9033785789
9533701940
9050649361
9095010566
9675060615
9068070178
9098818508
9050747219
9618366479
9098327520
9063342858
9642929527
9064050019
9644569362
9607862234
9615937327
9673689356
9062467884
9622886346
9054086591
9034616803
9093739776
9532294220
9532112304
9089999281
9218869043
9030921231
9532265496
9603232671
9608936363
9677949187
9059002238
9650111287
9602207147
9648844800
9613762446
9093866162
9532219054
9696550437
9604893519
9050217978
9614845084
9095100028
9655668208
9634215455
9054127859
9628437783
9624411047
9675726634
9604271429
9054393046
9680028847
9509880035
9648978997
9613141907
9625002100
9610860420
9627955882
9649952757
9617271909
9052679578
9061140807
9635806997
9034428168
9674649598
9630374067
9061732278
9068762257
9039391783
9633409800
9613096707
9086160752
9659130990
9376109077
9137716271
9643126250
9613434014
9635561012
9025550556
9648990406
9622214494
9644737807
9096037262
9610452393
9634647350
9654516058
9648952795
9655413078
9617772038
9617184591
9632400966
9084450997
9064185566
9094231390
9692899502
9063096241
9063208221
9094119247
9655806783
9614821489
9654622175
9091808766
9626770255
9617771886
9054562990
9278129491
9612192299
9620705612
9617760025
9214050095
9625653618
9124856176
9682872725
9637347434
9069726322
9283443365
9612192030
9194448059
9626907378
9090076690
9117795222
9657646231
9098541248
9637022082
9614452244
9633131659
9631296766
9632562017
9093044526
9093328535
9603648403
9091142516
9650178198
9094013075
9644482831
9182000388
9288839938
9535232888
9614032124
9050603357
9236104195
9095090252
9048488435
9090061153
9090061182
9053717730
9608562940
9677160688
9500250639
9050730781
9677682663
9617771799
9617772284
9677745152
9646717139
9602932425
9216451125
9085445587
9064407253
9098443664
9052146716
9094798615
9098591238
9090063647
9608585376
9297112339
9682873239
9053365805
9241065049
9626769561
9617773214
9681073004
9095862582
9289018011
9617480426
9053043095
9612166521
9231428410
9657647549
9610701946
9111139750
9089759628
9069948419
9610697936
9617771906
9608716008
9615917052
9272644680
9832954688
9613306146
9034444566
9095871226
9093276294
9093276272
9621195751
9677643398
9649759867
9370339224
9053883426
9061600820
9052130178
9677266900
9621195754
9054034259
9277274446
9034547420
9064427428
9094624939
9657638870
9618823770
9620009299
9053057764
9620753315
9062758038
9630598876
9289701741
9602603496
9090917148
9034040095
9095876068
9384086150
9052884698
9062528425
9090509628
9676592252
9657640325
9041950745
9603647784
9195119306
9642973050
9069233846
9643341805
9618205696
9063359221
9608640871
9523007877
9630556675
9678080658
9316001959
9058869117
9095941691
9675972188
9095941218
9617760405
9654770703
9050763821
9095958457
9069864193
9608517240
9626950500
9655530071
9635486187
9095756803
9654770768
9667855885
9617771956
9613458944
9612776303
9617299994
9095449782
9053749783
9621195794
9147727013
9620055011
9039135041
9059032121
9095298076
9095070207
9678617517
9603607770
9033413966
9648622507
9621195890
9064385770
9609255349
9622573778
9630360500
9617271372
9628216307
9052883264
9033321212
9090063508
9090061541
9617760393
9140968686
9622609505
9094494933
9059920376
9276155059
9034402796
9059084952
9098040640
9115698858
9053148299
9039509454
9625564753
9095383001
9604449263
9050676930
9091771208
9656364102
9059119806
9600559889
9094134547
9060344798
9626191131
9063415063
9656136051
9607791037
9053269597
9059141881
9649992100
9659138682
9521365976
9612780703
9604096956
9667559516
9059996624
9643291231
9090065855
9052946949
9052576366
9069677476
9052719544
9633695570
9059135182
9093672651
9069258974
9039556126
9095422862
9033718566
9626211690
9658301644
9615365061
9097191002
9095525096
9064144434
9095252979
9627856181
9657382956
9624577707
9069621286
9602813485
9058418480
9619954399
9621510260
9061160192
9604599116
9617772014
9064329035
9619695996
9052335736
9058815236
9068380223
9630342080
9058967311
9626968194
9628436043
9621515454
9620753424
9053010458
9600225783
9052073175
9614522145
9682673669
9614582547
9624026344
9620042153
9624908334
9617691066
9097709935
9054162682
9632920574
9954212654
9059423662
9657332123
9068355312
9631613220
9062918528
9095594582
9097616939
9646829885
9610722855
9095325376
9117241331
9657367855
9648463138
9052250325
9642681992
9246762824
9626727425
9600258397
9034545228
9609090082
9613195414
9069122126
9656319895
9625706564
9676326674
9178469846
9637362215
9650334690
9054505222
9625718361
9603034545
9627087719
9602031040
9607677640
9604217921
9636728554
9600824628
9642125293
9654520201
9627208513
9642379277
9096091170
9617212775
9618718104
9095408088
9618647764
9053470887
9624333154
9052231064
9059505335
9656304481
9069937551
9050628992
9609627079
9095975510
9642789829
9620478778
9050682226
9064403477
9058385471
9638824708
9639126463
9603495707
9640146752
9604304571
9039477917
9682626247
9677160701
9064123995
9657778501
9095703414
9624710016
9638790997
9650605276
9633186422
9620366330
9667889129
9094666041
9643003666
9059019907
9616592591
9659079755
9614176085
9658245290
9604864136
9617170390
9642744300
9648728446
9608843820
9622598826
9650552119
9648682770
9616483419
9064773799
9641167059
9641031607
9618193331
9610826539
9616890803
9603095656
9626458155
9625687006
9616496736
9631269234
9874039605
9615091856
9609184874
9635165104
9532274407
9020769635
9648628584
9630137972
9062863545
9615386803
9094987099
9063932861
9609096797
9094628498
9615222196
9058914063
9270510328
9061736353
9624461335
9657437777
9673207642
9023500409
9063116822
9880889993
9603239010
9626244341
9069291756
9656947354
9658811844
9657631508
9617772104
9054799347
9050063739
9094116200
9603418231
9603708238
9633444431
9650445444
9053995266
9656884270
9098723727
9093878756
9063260826
9298323259
9098754938
9054971640
9063143070
9888900063
9034665370
9063178755
9650640247
9068898024
9648866520
9273806034
9613979929
9054839297
9052130212
9068117440
9033011398
9674857325
9068337370
9510633106
9604694557
9682735018
9686374182
9638954765
9094022566
9618031027
9523236652
9658837085
9604710008
9662939535
9034404522
9654663964
9649495199
9098412184
9098541746
9051845160
9069615253
9620742436
9603647856
9378180018
9098749085
9091033677
9050674683
9039034579
9271628684
9294043188
9069164366
9095967267
9643321570
9095342106
9620654188
9097571767
9061503776
9616868942
9518834837
9052074927
9370203446
9115521098
9618027232
9614946069
9646860942
9626290773
9607977993
9610786884
9616871439
9053929565
9084864726
9630101942
9050763776
9095991710
9052903875
9841747012
9275888696
9618838312
9617126446
9093341442
9090061151
9604357757
9655945060
9654519700
9098045144
9604893995
9097381331
9279186222
9021220587
9648963755
9021283728
9675988166
9054040998
9061737757
9626129280
9062396734
9617245919
9005375290
9220760755
9616803045
9633142158
9612879982
9614031857
9658924029
9063933382
9098214430
9667595659
9384440660
9617817151
9062396651
9617771869
9648945244
9617817895
9033806396
9633844222
9626702577
9091164668
9095760027
9642664251
9093341205
9051832831
9632666953
9063392956
9620451882
9095140694
9682680629
9623865691
9657644909
9609133220
9990830424
9608276831
9185758447
9033053820
9095871869
9232766110
9141641020
9145456871
9312563705
9039333001
9634603646
9093050379
9093342263
9095879668
9185480974
9618823887
9090092406
9062189174
9095865349
9602229565
9609844970
9216792127
9881607022
9119810016
9237836973
9370869594
9272221817
9630548822
9098519879
9064200673
9667552078
9635541977
9648950150
9617771998
9053220926
9617771989
9641075955
9095874720
9059425004
9276648634
9094232901
9625973013
9600199186
9698071833
9090981951
9095874953
9617901375
9674828354
9333334168
9617771892
9610726059
9523082685
9617771781
9609991011
9119517015
9607622655
9199483591
9523089177
9667552147
9616546854
9090917156
9609264693
9090981945
9673067577
9097380890
9656072997
9289574246
9095883561
9656954930
9677643801
9189795555
9090917153
9050763783
9093948287
9626132121
9094628344
9198090825
9617771988
9063178767
9628242946
9639128133
9059111927
9627003616
9873844894
9633008546
9097737230
9628297603
9069092623
9094148778
9614080131
9617271371
9621195786
9628297619
9616989541
9612227939
9030467351
9050790104
9609261259
9058362236
9628297618
9609366955
9620828449
9095972970
9663627217
9600150617
9617270039
9182080818
9620764991
9058874793
9675993808
9639142119
9613868288
9628050001
9181065456
9641004518
9815047933
9093034221
9093132482
9617772055
9630126415
9608915637
9053226671
9602399694
9054018202
9649794461
9639143551
9378059199
9626247449
9064366407
9050766255
9053249457
9658848198
9095429766
9600674596
9677967069
9617771954
9059121353
9638851937
9069912323
9069279552
9678080243
9090160640
9061658556
9617271864
9635479021
9642913971
9069978141
9626617854
9620828445
9093329392
9069348004
9626338343
9502052364
9649134479
9063051941
9628084227
9678080487
9678080815
9069134697
9180518280
9658840819
9617771820
9090160680
9050766088
9033532332
9609264910
9612186865
9637340774
9039351008
9657643840
9094489892
9656958047
9094309143
9033711453
9094417986
9648880867
9059070846
9053800049
9052119581
9031501490
9059126812
9612694243
9609055860
9063404805
9053185394
9093258456
9676254432
9696553565
9052568592
9609722436
9609302938
9603464520
9663626415
9617772082
9630568284
9069967375
9033004968
9095449774
9692880659
9030801127
9059160216
9095139849
9034642787
9635290432
9172056067
9034379613
9608878883
9090095152
9638013834
9093874800
9626208550
9054504669
9600601994
9217999476
9034679272
9098714141
9039947025
9063257527
9628785549
9633002431
9050773443
9632621739
9628722162
9630573484
9674759541
9614990140
9674135251
9059843509
9640350279
9244476955
9059943660
9617485616
9625523019
9603766833
9652436530
9054218935
9631330593
9621531111
9625985850
9640506172
9621278464
9637354185
9069495096
9658011826
9624463126
9052823072
9054648976
9624351101
9623980113
9675056992
9097633961
9097977854
9682775464
9600171696
9053178456
9090063500
9063801209
9061738384
9698087614
9617928170
9624045687
9608716646
9610802421
9625508738
9648764206
9646851162
9635760144
9088672483
9647306475
9036169741
9648415035
9631652877
9094216735
9052097457
9035120665
9650397079
9063122557
9632787884
9039990454
9095472559
9063803395
9064096055
9616490901
9615330431
9618801370
9649476903
9616598483
9658649100
9054010933
9610661307
9630827677
9033497504
9170526188
9610689194
9621198031
9062340174
9053377130
9059029337
9616611282
9631264530
9625659520
9646930906
9034000489
9655934570
9626771362
9617187058
9052206791
9626755455
9039135028
9609934430
9064359286
9097516504
9644168703
9033747565
9626323869
9053985335
9609326201
9064016785
9098775637
9053624909
9655668258
9628134126
9054441605
9604567796
9093860925
9603019212
9650321935
9069573881
9656224859
9610739295
9612196252
9643115217
9610740969
9510250222
9045134619
9020789527
9643085442
9084406322
9658164135
9650120588
9090725308
9030047609
9623354247
9618976782
9635218739
9034509285
9059462680
9034780786
9609010970
9061281341
9061653761
9062861965
9627272260
9039191144
9062567639
9625923711
9608716240
9061744166
9619823365
9649446711
9069322140
9604332838
9658733315
9027104898
9633733156
9122271222
9052703415
9613742229
9674655723
9618734161
9376184229
9600511893
9653292617
9617008727
9061655636
9602735015
9607593510
9600409616
9678033285
9064202145
9673180282
9050791345
9826996526
9062608115
9675992452
9095602675
9613086116
9049990483
9236030661
9650380097
9061173406
9639554563
9536067088
9635926466
9098003065
9631624955
9614009218
9626125615
9617760455
9646900874
9098040559
9052514106
9626509981
9603523310
9608812821
9684665646
9655909498
9676673342
9618031844
9051972591
9609828677
9242184337
9612196362
9648550064
9617771979
9059267924
9625607212
9094231609
9093329599
9090089247
9642925780
9091897850
9313016091
9624340239
9675047064
9069864526
9093347348
9063377750
9600365323
9657644903
9053750713
9095837600
9649962384
9617773198
9616435814
9658269435
9675995223
9093340565
9616511981
9379818774
9064577057
9659738867
9033756993
9054777325
9119708826
9053422205
9276547760
9602720206
9626190514
9626273288
9620742122
9616863343
9617902613
9090063256
9610717653
9097024160
9508478737
9617664466
9506415352
9034538434
9063111489
9617763408
9068214268
9042449342
9603152488
9655808836
9277778180
9063335658
9059097476
9216125201
9658843873
9270332854
9655522063
9034787007
9604455540
9098041074
9625973107
9523789823
9620841211
9624095025
9061350965
9609889491
9093592652
9625972998
9518877587
9626293459
9035108723
9619869832
9093276313
9098755355
9604850710
9061351065
9657641197
9275611833
9094339786
9222167776
9625858301
9282271457
9098536488
9615106173
9831638285
9617772843
9112425089
9626138366
9095140832
9375591722
9097999293
9232934494
9090917150
9610686151
9039157155
9617772095
9509928639
9626893595
9097217940
9638851935
9621129914
9641081980
9626658988
9603514944
9617771798
9600199550
9059428079
9370826282
9172999544
9609263205
9638049403
9602448924
9675994642
9889490247
9094506498
9609260228
9618021633
9673014093
9097217849
9649694276
9649759798
9627048008
9084449202
9059680051
9133257075
9607622568
9657634390
9191515455
9625973119
9034373061
9617480431
9621140149
9068270032
9508672031
9033158914
9058926863
9244205026
9657639400
9657640433
9617056080
9618612811
9063949663
9378075507
9054109230
9622611129
9658135864
9186478539
9675994429
9618823545
9658805633
9094518495
9658836345
9621195904
9090484490
9620190157
9069225985
9603741986
9058210475
9648973958
9371245058
9658269482
9093341284
9612186282
9052083027
9679071018
9617771971
9657645227
9657645804
9622610121
9617771846
9095991782
9642781124
9620704522
9050764261
9658850594
9658834306
9621195763
9678617495
9674882174
9612186481
9620741214
9617271501
9651265862
9674783770
9050604530
9215832777
9039346596
9604734808
9069956296
9063903849
9621195910
9634930725
9033366012
9603095659
9059121341
9620765056
9677656359
9620705243
9095992291
9233332325
9069349158
9608834777
9211475041
9657604210
9094629342
9658848775
9609254069
9094191205
9069864378
9649313844
9053010197
9641081990
9039501263
9609261243
9678080727
9658837958
9621195804
9098301181
9226466825
9626267134
9655666253
9052466527
9620705219
9069864126
9612401400
9621129676
9039135155
9673515953
9033712873
9639142177
9615029859
9603334287
9064105914
9658301563
9625607930
9608562858
9616469405
9054302382
9059131294
9637945528
9050885991
9054812255
9061204536
9053864590
9673406158
9030625397
9674884403
9616757373
9034703546
9663598905
9609561951
9609221015
9069811027
9091151751
9052390769
9035118627
9617266986
9062091526
9628100902
9069488484
9059596705
9649665014
9635061480
9058571433
9098874830
9098827608
9095172281
9624718376
9608593081
9059453415
9626795549
9062882930
9656322033
9602673997
9064520675
9063466636
9050830558
9098912211
9616564055
9059818455
9673767518
9098846540
9635541709
9607972799
9622645139
9602420087
9676501738
9602897755
9093099424
9059417099
9094648484
9608688838
9638430716
9119617888
9619353594
9053246531
9098501009
9061109787
9655065742
9098861513
9052132018
9688737289
9673427638
9097718501
9614422999
9064743174
9620040078
9624401111
9614738180
9624357681
9614870932
9624010228
9062280550
9675730434
9667778020
9033750310
9054166638
9093406568
9627237262
9069443551
9604898489
9097553080
9603425200
9633539059
9603429314
9683993786
9630982970
9050630693
9064880165
9641100463
9090061906
9626701336
9633216611
9631647749
9618522354
9658398212
9673307407
9069881804
9059998242
9628156120
9676322074
9094234933
9600190080
9608867580
9648272135
9678678877
9676468107
9095875058
9648563940
9600714247
9617704239
9091059158
9617309472
9644439237
9658849091
9635990205
9098056801
9632911452
9655519140
9063925896
9658182352
9271596606
9650411168
9627246334
9686155680
9642362299
9638899313
9094279880
9030181344
9626617030
9050332004
9053023272
9034026327
9063930919
9093555804
9620802992
9063147631
9633473833
9050791249
9677413530
9325318785
9673407057
9604337181
9602318565
9658275379
9033987298
9062333138
9039939725
9033396733
9618824523
9053827440
9657647355
9618075039
9025572187
9053320369
9662742139
9020779362
9089679967
9084449091
9050603437
9050967635
9652434897
9682871187
9052130413
9616959815
9600836739
9679489978
9058633383
9674083336
9095618066
9692861634
9648629195
9091467441
9093218963
9635048040
9612873627
9674454589
9616086021
9600417841
9609981463
9655289396
9659827064
9624909427
9616953692
9621260800
9510114097
9052491386
9619958667
9608697673
9635080407
9658128044
9063090835
9053886689
9234840857
9039556903
9021110306
9628660722
9624905262
9617301944
9054511505
9094474056
9122425713
9053861040
9610473180
9050160819
9097930433
9098195243
9612231995
9630110367
9617771901
9625852205
9613335323
9608910245
9650325435
9644359000
9648739459
9280005838
9607846676
9622557974
9617771897
9624512374
9617271955
9644188249
9033021975
9673664747
9625031137
9616952008
9618509042
9607878279
9089794949
9675995980
9649912541
9673574798
9603104530
9090163606
9052284326
9634401579
9617771984
9053861720
9095140625
9283493949
9610666929
9051846318
9095021556
9617772069
9616478633
9603547370
9059475777
9626769672
9279859379
9635638570
9504604487
9223556262
9053279100
9625582855
9628215799
9069825680
9061740496
9648829887
9641063815
9034348855
9097379501
9676650726
9054525236
9039065749
9617758945
9061426127
9090061255
9602452205
9649465446
9603544632
9616921030
9632774906
9675993132
9644387780
9625506630
9610538862
9090062791
9090104871
9622861427
9603544534
9532662324
9648629549
9283021527
9069279973
9627902596
9607622623
9655666245
9090063293
9619634227
9069258547
9232825986
9613760055
9098758013
9623133197
9098752068
9643008033
9054981168
9625490559
9375205725
9626963328
9673380838
9137815418
9033297838
9603742904
9289060428
9649334819
9054717209
9217640422
9064043807
9631232313
9624008717
9097989709
9654984103
9271481989
9640087608
9604533783
9068775855
9624105195
9117006436
9615811935
9647459105
9628468772
9643634754
9095862563
9093340813
9626273716
9136128850
9039504766
9059062503
9602036246
9648555433
9627053489
9633720623
9053161004
9677250487
9643853237
9673051315
9181747161
9046256285
9172169796
9095871258
9885605015
9617771814
9059645421
9675992191
9655324228
9116801430
9673495534
9612166438
9005468200
9649169598
9189631012
9638851933
9617272740
9600829718
9089624619
9095882830
9090160321
9650602680
9656262454
9880808687
9059412023
9034154284
9090063249
9093342287
9034701249
9659820329
9621288287
9657718047
9219449805
9646635201
9602170675
9626933854
9674649586
9039595384
9643408856
9052018684
9090095040
9675993384
9667068677
9634564031
9221949435
9523065816
9031460216
9063183602
9632728139
9650225099
9091115372
9528248484
9052606567
9370841277
9062851863
9130486961
9234834637
9088667339
9097350559
9500439593
9639469609
9030495107
9061457965
9094657748
9616631196
9620357100
9096167490
9633122410
9633468113
9614218284
9052892193
9054478866
9600540167
9058230031
9093276285
9697152499
9658838125
9610702467
9097384804
9050766224
9095204587
9069956163
9609174896
9384645945
9050831531
9609261641
9039461135
9600732492
9677160676
9035068715
9649179721
9511870046
9643758275
9628183631
9095991816
9620765141
9655522089
9095813546
9633542637
9062810686
9610828860
9626715447
9657645849
9600191280
9600400420
9642947141
9069091720
9678617606
9677656390
9655666342
9090180100
9697152540
9095992335
9097485570
9641081982
9069253795
9600199080
9033242898
9655884337
9616619114
9612201665
9059563566
9621195873
9213288217
9069871112
9609506554
9644713653
9609261268
9600085711
9600302223
9617760438
9619660111
9094633040
9667969279
9059667047
9059563578
9600708514
9054528876
9059121338
9604747496
9050763817
9992606231
9615941114
9616478361
9093341449
9617771915
9617715915
9063856385
9620705231
9090160678
9063893211
9697152519
9090089828
9090915757
9000014164
9059564037
9033293486
9630240075
9630535764
9033757449
9656887638
9039372187
9059477626
9600314079
9612720574
9054030133
9618015434
9604302177
9615392969
9674427544
9039119011
9034342607
9050803636
9093345263
9033411988
9674780265
9069266596
9054551932
9053941499
9063256393
9050905678
9613128274
9098724214
9655670685
9631821314
9603470385
9628587417
9054850381
9607960526
9617766019
9631993658
9061403419
9030480123
9650569706
9604308635
9034780712
9098737420
9061188041
9058499977
9063076575
9098315884
9035019847
9034682770
9633820210
9648481001
9059442035
9053958199
9059835831
9638000304
9039463964
9630410653
9624095782
9635229777
9097342886
9096014317
9090611651
9095943060
9068219945
9609089271
9033578608
9621183583
9054695221
9097858197
9619552277
9622540338
9624964727
9614714985
9614850971
9610868877
9624380188
9600019662
9039852233
9650060341
9034090036
9624416316
9619988104
9054688515
9093865099
9610626715
9612305577
9034993348
9068428848
9096054561
9657633256
9633591251
9609163350
9643262779
9600620518
9654631474
9600556159
9657497748
9602900693
9642119655
9093005699
9604078901
9626658853
9642813083
9657481954
9050195734
9604693317
9610656881
9658888445
9053393204
9615881431
9618903999
9064289713
9084453135
9628555753
9613531561
9648294105
9646546341
9675977173
9648276168
9624010696
9618528248
9036610588
9600472670
9062098194
9063064061
9619580015
9603500860
9627031438
9673458484
9648950019
9639118535
9615746630
9624490812
9604653425
9630459195
9051989595
9069368607
9069242200
9624928000
9635219898
9644777434
9615871625
9172927745
9095473754
9649970252
9618476212
9642889424
9652452530
9069822081
9039407294
9646776502
9614891000
9649600044
9602507892
9614623398
9094268994
9063964680
9603239567
9064403722
9532172818
9046202790
9684615229
9517900968
9046256524
9681805052
9094844669
9620555988
9054467535
9020542521
9644315131
9052026635
9657422066
9281556500
9657938782
9625924055
9084404955
9093263205
9675034681
9064768699
9677335078
9184036202
9063956197
9652725785
9063122070
9628526235
9676362895
9090055612
9059935872
9646595205
9624363479
9627902900
9610913708
9650067162
9622933182
9633146153
9034472201
9607944054
9053386449
9094230651
9059508558
9613527561
9609254763
9617771943
9069955787
9622156870
9667552253
9098321070
9052768919
9033323933
9098372457
9619401764
9674849424
9098754787
9660736588
9643834637
9627681641
9055231304
9093362196
9630057801
9675994428
9649967107
9059097925
9098742477
9069618290
9516758554
9633284765
9278737744
9667897680
9633083150
9641007765
9030209328
9620704264
9603544537
9609091542
9039482960
9054163773
9675994861
9628836328
9177253048
9278312245
9621287991
9631170072
9618728063
9603544260
9052716236
9620828435
9091088442
9096032112
9603544536
9616816888
9372022501
9379686099
9053369423
9217871342
9656352884
9628875084
9031382702
9095967776
9090062778
9649778858
9133260030
9234824300
9609605154
9388743915
9616953679
9052021221
9676305384
9023646509
9002713445
9625778949
9061474917
9034027177
9061438218
9184870104
9658490189
9270550717
9626646703
9648885278
9618540502
9069944545
9061523697
9062277924
9068885835
9298364289
9615008228
9532623995
9634542568
9527191725
9054031923
9692931431
9630045916
9058254198
9093276479
9093301926
9052765765
9181093575
9616677570
9879560939
9674066892
9631170461
9095871356
9630066486
9658899238
9675995351
9095889329
9633126451
9216366748
9643232015
9030238585
9602098011
9093397496
9620702428
9609889398
9657644797
9095841336
9675995624
9090917123
9090917132
9649987102
9289597784
9042415121
9648978604
9673645470
9093276291
9610712481
9618652673
9631170098
9649862503
9617761736
9617771809
9271024569
9655529864
9052092931
9050368533
9098045087
9621129924
9060314148
9638851930
9609264731
9616861438
9612161154
9617772210
9655529906
9062942230
9610846117
9677642645
9095879539
9090147629
9172176322
9615755550
9650277342
9658838535
9052018654
9602463310
9648988802
9063833785
9677740364
9533681662
9632552111
9097208792
9275406582
9648812413
9613350960
9619228771
9675047974
9600107641
9059563482
9658890408
9675950370
9054747131
9617460396
9030480014
9135842828
9608767565
9626592606
9654775373
9033675996
9608877362
9631641544
9098771488
9050791471
9678617490
9097016376
9641004495
9052443325
9626593688
9920080204
9641004717
9621140048
9644636237
9535037887
9826927052
9535027412
9621140039
9612186568
9620743378
9658136013
9621258891
9095951194
9674225383
9617270030
9059110588
9090160652
9617527698
9609260147
9093344104
9050763819
9617759931
9274606570
9050620915
9658836205
9621140064
9600070077
9609261622
9515887872
9069863414
9621195941
9620764847
9090077292
9609035720
9061431858
9620705291
9069864158
9645414741
9624020848
9649484003
9091374674
9050763907
9657355687
9033858783
9663896043
9658848229
9061445980
9030453207
9658269416
